CellNumber	1995	1996	1997	1998	1999	2000	2001	2002	2003	2004	2005	2006	2007	2008	2009	2010	2011	2012	2013	2014	2015
3	368.096889547	349.046460703	64.6388941058	442.488314903	43.3746952895	135.412287438	32.0144657738	44.3702867751	153.676537036	71.7064778474	310.684845539	81.9474290667	69.3468450161	209.611629277	183.913396305	415.046912526	68.4456302248	58.2358646543	391.371481188	42.5000735976	73.7845788483
16	393.340954334	395.346213313	102.281504037	483.263489162	71.491480249	183.499496205	54.5070788737	71.1257073862	189.278182851	114.23461122	357.638812298	127.82749329	110.276541191	262.920253375	229.48003133	462.950968475	108.231211271	93.2286261991	431.669644303	70.8045339665	116.534885268
17	299.5065924	303.294709539	13.2400880947	419.051651145	10.4152745901	30.9982949638	8.61949282774	9.57930174431	54.3768631729	15.1000916802	212.793447273	15.7985241482	14.4966038418	108.319770429	110.517928581	310.89167523	13.9802437507	12.5065653289	307.479199235	10.609524455	14.996459277
27	273.764881199	196.302966268	0.0	298.333388401	0.0	14.5494997318	0.0	0.0	33.0176655229	0.0	174.400746821	0.0	0.0	66.0953017216	62.4756752655	271.013719749	0.0	0.0	248.568525676	0.0	0.0
28	236.478406114	134.427560524	0.0	229.645749586	0.0	0.0	0.0	0.0	1.03053597279	0.0	137.762729447	0.0	0.0	31.4756758296	28.4804527622	230.175105867	0.0	0.0	196.284170816	0.0	0.0
29	235.266021342	263.619574251	9.80227138808	363.861777842	8.0033792572	23.5701533612	5.43512071624	6.27540778576	27.9151305853	13.3944153446	164.306125423	15.951170347	14.1135576278	79.4290253308	84.23789153	252.404690369	12.0360884874	10.277589949	251.265203665	6.45677758428	13.8482108517
30	305.333346453	325.516607932	60.0618136019	410.858312275	40.6012783556	115.080000805	30.4417700828	41.4216311783	119.900457229	67.2629042811	261.821854692	76.3769829964	66.4908315428	174.543685488	160.17546448	354.962981754	64.4193930784	56.0369456999	334.522638885	37.520594679	68.0748638558
31	322.931762293	293.501207167	10.5206968525	406.01923697	6.92369407278	42.3024084013	4.89376965552	7.13355409096	75.2971845376	11.3816067821	229.707298206	13.2318248234	10.3490728921	120.821272216	114.742615244	331.364142713	10.7657556831	8.59983665148	324.190883493	7.81672823643	12.2306845203
32	339.327888727	249.65247006	0.0	348.668214183	0.0	49.6175247264	0.0	0.0	102.266921774	0.0	236.390501718	0.0	0.0	126.099789392	112.724695892	338.631101663	0.0	0.0	323.108657702	0.0	0.0
34	334.370246381	251.981818286	0.0	352.192766919	0.0	46.6877280282	0.0	0.0	97.1011511472	0.0	232.43268922	0.0	0.0	122.756262855	110.873751278	334.118467346	0.0	0.0	319.736896972	0.0	0.0
39	294.93940515	252.300179243	32.3194470529	355.13936649	21.6873476447	57.4676068709	16.0072328869	22.1851433876	59.6646923661	35.8532389237	216.189600334	40.9737145334	34.6734225081	110.552374633	100.658248475	316.427568231	34.2228151124	29.1179323271	290.058643906	21.2500367988	36.8922894242
40	244.527406122	130.653372043	0.0	225.634423439	0.0	2.92529624237	0.0	0.0	5.8860175959	0.0	143.171641582	0.0	0.0	34.4335829108	29.5551653115	237.232723322	0.0	0.0	201.154489521	0.0	0.0
41	234.187008759	199.855982602	0.0	298.815639721	0.0	2.92529624237	0.0	0.0	13.03433855	0.0	147.253456826	0.0	0.0	51.5764756583	54.8170580769	235.204764277	0.0	0.0	219.977501549	0.0	0.0
42	232.208046773	261.017264429	0.0	368.57118335	0.0	0.0	0.0	0.0	13.1679596523	0.0	152.485615312	0.0	0.0	61.9553452808	72.8036361563	238.22121303	0.0	0.0	244.125820463	0.0	0.0
43	287.17549327	286.932238703	0.0	403.926742824	0.0	13.6513824644	0.0	0.0	38.8803138129	0.0	191.900147188	0.0	0.0	85.3422816747	90.8857047585	289.968733926	0.0	0.0	298.94774793	0.0	0.0
44	302.740128392	301.258417951	0.0	416.111698474	0.0	22.3643884649	0.0	0.0	57.8231588913	0.0	204.568584895	0.335967214526	0.0	95.4927976342	99.1894422725	309.557828584	0.0	0.568951000105	308.082457044	0.0	0.0
45	304.578379743	277.876923741	0.0	390.515242535	0.0	24.8650180602	0.0	0.0	59.0606076125	0.0	207.958565624	0.0	0.0	99.9053338601	99.4921776323	307.578896281	0.0	0.0	302.48445386	0.0	0.0
46	284.773205796	278.920303278	0.0	392.690921697	0.0	16.089129333	0.0	0.0	43.283691918	0.0	192.627114189	0.0	0.0	88.4641451757	92.2775521994	289.15000462	0.0	0.0	286.924811169	0.0	0.0
47	311.518496946	348.688198757	53.1095081508	440.294429679	38.1953352466	117.672882211	29.0638577592	36.5070166716	117.04036369	63.7587925009	264.121867106	72.1390140129	67.3379296833	169.642845189	162.901352186	368.749774232	60.631074846	55.3102201619	345.651783501	29.0231049381	62.2710257432
48	272.016929837	309.03911691	0.0	436.520856072	0.0	0.0	0.0	0.0	15.8015515828	0.0	181.043241103	0.0	0.0	74.266966865	86.9903327696	278.711051097	0.0	0.0	284.351517431	0.0	0.0
49	272.016929837	309.03911691	0.0	436.520856072	0.0	0.0	0.0	0.0	15.8015515828	0.0	181.043241103	0.0	0.0	74.266966865	86.9903327696	278.711051097	0.0	0.0	284.351517431	0.0	0.0
52	302.22825109	295.351253108	17.5648626842	410.723675787	11.8798915644	38.1741996773	8.01689016182	11.6225935267	53.4116359652	19.5314024969	215.694305654	23.4284527102	18.0827402818	110.412503118	106.392254912	315.918520121	18.3478303339	14.5383497417	307.926839115	13.0894981627	21.6193886323
53	177.702000323	122.208912474	11.725017282	186.931983249	10.5462129489	32.7607924136	6.05519741893	6.73970502652	18.5239804283	19.182694338	116.46231913	24.2009073823	19.2581039509	52.7428254581	39.630856818	193.445793757	15.2316454589	12.5446695696	169.161734364	11.0416234541	19.4148117685
54	269.3674559	278.098439968	0.0	398.107146084	0.0	5.01479355835	0.0	0.0	22.667061016	0.0	177.860599827	0.0	0.0	73.2647101453	81.4735372529	274.619613825	0.0	0.0	273.330523562	0.0	0.0
55	262.45449816	288.784582383	13.8683273202	395.870570462	9.43376709924	28.8363000771	7.16626489337	9.60248313812	41.985533895	15.6563814138	188.124472644	17.6814241087	15.758895046	93.430812531	98.6866251065	279.700724226	15.0366649515	13.3194505675	276.08365234	8.27411889553	15.6226720681
56	182.046099684	194.20999594	27.3583736579	247.537621241	24.607830214	79.3671452073	14.1287939775	15.7259783952	51.7422305258	44.7596201219	147.269476199	56.468783892	44.9355758854	107.735084429	83.0528258882	225.051486414	35.5405060707	29.2708956624	214.045880975	25.7637880595	45.3012274599
57	304.682048659	321.881661114	39.4319890544	426.524804901	27.5027625642	76.2615338025	19.2175740318	26.3658254297	81.1264134115	45.448736486	239.362125573	53.2163096456	43.259926181	147.215021342	135.065321018	337.859974249	42.3559718399	34.4975380695	327.118563236	28.4712366991	48.2938121537
58	310.946531859	293.849749355	0.0	406.106536011	0.0	28.8283791562	0.481168361616	0.0772127756033	62.1467604324	2.1335662962	211.274017759	2.52361986315	2.60510454351	101.716039908	101.508620209	316.180467984	0.197263911683	2.92346215582	315.594944069	0.0	0.0
59	240.422005189	253.395134549	15.6870891788	344.317184144	11.5692010293	36.1029824529	7.45715803324	10.0665364102	45.9078746902	19.1075813584	172.262889062	23.2571583864	17.7855749506	94.468139461	90.4866168088	259.233260511	17.2126791042	13.3486076047	251.550772313	12.8589647653	21.1892729849
60	218.14175935	236.473457528	29.7633845694	303.520796114	21.8177676518	68.3423466799	15.2817900522	19.6695074857	61.6749003547	39.4381208699	169.346558953	46.4305739592	39.7802028336	102.740919701	93.6907055307	250.23494901	34.2884296932	31.387739482	266.863090977	21.1330836609	36.811945053
61	273.18850601	308.385506713	0.0	431.960911649	0.0	3.31624596557	0.0	0.0	22.4878395877	0.0	180.944056417	0.143985949082	0.0	74.9956133121	87.0364979174	280.203072117	0.0	0.243836142902	288.583184115	0.0	0.0
62	259.454797213	292.344240005	0.0	412.677616813	0.0	0.0	0.0	0.0	14.5540606684	0.0	170.32311178	0.0	0.0	68.5501358767	80.8116786893	264.461767507	0.0	0.0	277.743837074	0.0	0.0
65	325.258402954	314.812482011	22.609472939	423.32728303	16.4332926116	56.3423651047	13.0200158213	15.9209972706	83.8607131055	26.3050029739	238.038988463	29.0773543153	24.9726038197	133.166904964	126.675986279	341.881290664	23.6353905389	21.7058051761	339.132573556	17.5036853476	25.9231038601
66	282.115313095	262.19074296	84.8495775186	322.435044383	63.8022294952	167.804508474	40.7183533486	53.7144564821	117.831941915	107.170621735	256.622485466	131.375610013	103.266737283	207.583479391	152.220283733	355.909400943	95.7973279433	75.6758807954	309.267185273	67.408024913	116.835519802
67	296.691192736	280.837397228	56.9225505712	363.383133347	40.8862389501	113.337802486	28.0754338047	37.5670208609	102.043174805	67.6897806136	245.584274433	80.1742196032	65.7407679062	166.298495231	139.409388971	343.316331354	62.633262877	51.2401617201	313.573738621	40.6793594079	72.279544537
68	350.069013569	403.09928365	112.839681587	481.216944945	76.1019859025	194.366721164	56.7800426758	77.7053164727	176.273960467	125.992609624	334.103721648	143.353683951	123.699738829	248.419677709	220.999284126	433.946758145	120.539873061	104.136651526	423.610690165	71.659172488	128.181633711
69	119.721607705	114.978362727	6.90025076837	151.19512564	6.38960741445	22.8985711764	3.72422223935	3.93163691385	14.2428162518	12.5532011423	67.3063761495	15.7610227185	13.0526493821	28.4815773191	26.674625961	123.546974221	9.47985982861	8.76541650595	189.427446761	6.44094701488	11.325306865
70	257.20488571	266.110845839	19.7828279788	353.899985805	14.9105734545	56.8317690315	10.599039565	13.0110640235	63.259212272	27.4830512553	193.355537333	32.3806891101	28.2494325024	110.862055158	104.139752986	285.101063232	23.2608910461	22.1724777219	272.653563097	13.7949306226	25.3300779524
71	365.696490146	261.399046014	0.0	355.418368608	0.0	66.9145789507	1.20292090404	0.193031939008	119.642897896	5.33391574049	255.030667415	5.94908478517	6.51276135878	140.875389867	121.237206258	365.773644244	0.493159779207	6.69906503229	355.868438295	0.0	0.0
72	322.775841655	296.797581399	21.2252194938	393.39323514	15.4271726558	64.5772007446	12.4634561763	14.9848487235	98.0255089879	25.7612757359	236.484627033	28.6309110388	24.7462211638	136.454581396	125.893048706	340.036184261	22.2869577678	21.960527478	331.203140707	16.4320311426	24.3359750524
73	195.999365786	214.861480623	17.4315498701	292.560242464	15.2082197809	39.4003370728	8.58902078418	10.1091915868	27.9770146849	25.2684229337	142.010922302	32.0743780135	24.2103562986	86.2591394242	76.5556631164	221.21416976	21.3181539602	15.0943662649	209.388109481	16.5624351811	29.1222176528
74	235.151036535	264.890671637	0.0	374.160733776	0.0	0.0	0.0	0.0	13.544187071	0.0	155.179920945	0.0	0.0	63.65740017	74.5631423739	242.167376193	0.0	0.0	243.729872084	0.0	0.0
75	238.980190432	267.435017456	0.0	372.659666684	0.0	4.77929565626	0.0	0.0	23.5786664625	0.0	157.604552323	0.207509161913	0.0	66.4980005982	76.4376765795	247.443813873	0.0	0.351410911829	248.144583561	0.0	0.0
79	258.505240182	285.146086654	11.8290013172	387.20406784	10.9536127105	43.015788614	6.38438098174	6.73994899517	41.658412677	21.5197733868	188.003829313	27.0188960889	22.3759703693	100.774450633	96.098157884	285.887110015	16.2511882776	15.0264282959	280.445096234	11.0416234541	19.4148117685
80	174.243675132	199.028097916	35.4996000254	244.864737596	28.3907590669	87.9000517148	18.9857665914	22.617839919	65.7879421073	50.5705701452	152.014573307	60.6514905445	52.2484230431	111.507752846	94.2240938421	226.069334146	43.3239417165	38.6234688124	197.584546031	25.7725199339	48.8856946883
81	286.336836357	321.024639463	29.6297176663	435.071185928	19.499383307	43.9154917142	13.7824533156	20.0904176439	50.0648590431	32.0543211414	213.009301055	37.2651392986	29.1463685533	116.575919452	114.763547283	307.277236528	30.3198833524	24.2199481205	316.429797823	22.0144591149	34.445601302
82	179.931369246	191.511803419	43.5034588523	238.393484726	33.3844098162	87.699771344	21.1242576503	27.4202218711	60.3945911862	57.1375576452	150.898523008	69.6917584057	54.5523242669	116.810115895	90.40504326	221.8789333	49.6427777385	39.3432165835	221.953431873	36.445198134	60.7669438298
83	272.016929837	309.03911691	0.0	436.520856072	0.0	0.0	0.0	0.0	15.8015515828	0.0	181.043241103	0.0	0.0	74.266966865	86.9903327696	278.711051097	0.0	0.0	284.351517431	0.0	0.0
84	302.434971522	316.66196876	9.87657255545	431.631057902	6.49979443567	32.1465081802	4.83473528599	6.73541226911	58.0382381736	11.7515568619	211.308683449	13.8995019547	11.0180084562	105.267164998	106.836440884	315.589535708	10.20525974	9.90080133242	316.215958058	7.33815303829	11.4818671007
85	292.708636657	277.221952547	0.0	389.974460267	0.0	20.0591742334	0.0	0.0	50.3581634957	0.0	198.84434523	0.0	0.0	93.3452108232	95.1961115906	296.471782101	0.0	0.0	292.835318111	0.0	0.0
86	203.122067783	214.68002486	25.4150593995	280.473424642	21.076165108	65.2885459716	13.7332483606	15.9205461004	55.1449551009	35.2116383337	157.884707927	42.5938000318	36.2972340217	103.329796934	91.7411987745	238.766060472	31.1782282949	25.5866353196	217.99348116	18.4343668956	37.4038275877
87	286.268817772	293.971179321	19.7828279788	394.912090415	14.9105734545	57.2395355268	10.3584553842	12.9724576357	68.3044278085	26.4162681072	214.350406302	31.1908721531	26.9468802307	120.318947233	114.249471053	313.179893956	23.1622590903	20.8326647155	301.177504619	13.7949306226	25.3300779524
88	339.574982087	351.510551624	44.4042542571	452.429762215	29.5359243731	94.2457326075	21.6307461895	30.3509135692	116.398445221	49.7936833222	267.659897744	57.7468452576	47.1704787017	166.838401071	152.276521693	375.659159676	46.4021631818	40.4359434591	365.838695597	30.9195900523	51.1113623987
91	315.854711864	363.15791683	52.8863679048	473.397224259	35.488387055	88.4532456897	26.193653815	36.3029619069	89.4066058879	58.6689364206	259.060449631	67.0478965091	56.7383277405	160.381511391	153.198661395	358.85204527	56.0009701839	47.6475256262	349.540368046	34.772787489	60.3692008759
92	293.069151168	289.129201171	11.3486469383	407.380402553	8.92737822012	22.8088719431	7.38813670949	8.21083006655	40.3309255316	12.9429357259	202.5891828	13.5415921271	12.4256604358	94.703102724	98.1436065169	302.264441256	11.983066072	10.7199131391	295.538600675	9.09387810433	12.8541079517
93	191.64573231	193.239922422	5.81051662337	275.051953099	5.06940659363	13.1334456909	2.86300692806	3.36973052894	14.7003489708	8.42280764455	127.107691895	10.6914593378	8.0701187662	57.8603251705	58.4010741381	202.763811097	7.10605132008	5.03145542163	192.184623706	5.52081172704	9.70740588427
94	163.507677813	179.020982297	15.6127880114	239.763630341	13.0727858508	36.7035990521	8.29812764431	9.64513831469	29.3937731297	21.8172229891	118.705374962	26.6426296848	22.183676394	70.6601295018	66.0081698021	187.977946605	19.1421398075	15.3090453706	175.574266142	11.9775893113	23.555616736
95	301.510559445	275.713887496	18.301604042	376.295700479	13.4974012009	55.8029700228	8.70001770545	11.7442924786	76.1836669327	22.2921782514	220.436576557	26.9653678436	20.7498374424	127.006542098	114.041208121	318.156318394	20.0814589549	15.2889000388	306.513641879	15.0021255595	24.7208184824
96	271.628449134	294.567148151	0.0	407.985269539	0.0	5.01479355835	0.0	0.0	25.7384843058	0.0	177.040443705	0.0	0.0	79.6602500291	86.685923295	276.999186383	0.0	0.0	296.085183593	0.0	0.0
97	250.292112569	312.822688938	0.0	345.86673226	0.0	0.0	0.0	0.0	45.8612048059	0.0	139.259075515	0.0	0.0	127.290312129	104.135475688	277.332524961	0.0	0.0	351.329402931	0.0	0.0
98	212.65727476	247.84765231	11.725017282	320.465819893	10.5462129489	32.7607924136	6.05519741893	6.73970502652	37.8426771903	19.182694338	152.025997471	24.2009073823	19.2581039509	92.2806706316	85.4461757561	242.526472377	15.2316454589	12.5446695696	238.732093861	11.0416234541	19.4148117685
99	225.206021576	242.369286342	0.0	342.048238701	0.0	3.76109516876	0.0	0.0	19.1770401127	0.0	148.81888291	0.0	0.0	63.2559834015	71.4415295045	231.793635167	0.0	0.0	230.087467706	0.0	0.0
100	348.127426616	262.231017448	0.0	366.493387181	0.0	48.8942371939	0.0	0.0	101.605386263	0.0	242.445387523	0.0	0.0	128.15899189	115.6465691	347.452892227	0.0	0.0	333.320856026	0.0	0.0
101	353.982080215	258.630394413	0.0	361.106658805	0.0	52.6553323627	0.0	0.0	108.205681238	0.0	247.168629556	0.0	0.0	132.304532276	117.850894971	352.74072616	0.0	0.0	337.087728226	0.0	0.0
102	295.923432031	294.336572848	0.0	414.525048536	0.0	15.3578052724	0.0	0.0	42.7527560656	0.0	200.329812735	0.0	0.0	91.19459011	95.9913300784	300.303039657	0.0	0.0	299.732912246	0.0	0.0
104	299.886879008	312.055745223	13.4431126449	431.762265609	8.84694242633	30.163158089	6.25315011539	9.115096894	49.8996533851	14.5431642216	213.223758196	16.9073317188	13.2238153621	107.421165322	108.450031229	312.402463735	13.7562433729	10.9886801658	311.330759908	9.98804163544	15.628096887
105	294.371058074	322.67214124	29.6297176663	439.516691877	19.499383307	45.1691901038	13.7824533156	20.0904176439	52.5874380128	32.0543211414	220.186204201	37.2651392986	29.1463685533	120.585309254	117.570131707	316.519000838	30.3198833524	24.2199481205	313.617879197	22.0144591149	34.445601302
106	238.203482855	245.353114855	21.4976058022	336.877804605	16.6386076229	43.4127853991	10.3201649613	13.4362669392	39.2023583803	27.5303890029	173.4101774	33.8046317752	25.8556937168	99.1098612636	89.7311363063	261.082874787	24.3187304243	18.1362268834	248.879212893	18.3797764924	30.8966788692
107	174.463204133	194.405234796	37.2607934217	231.206599139	32.7641289049	112.896547325	19.383691511	21.7756601334	73.0113637288	62.6460622501	159.636616043	78.5539798329	64.3072100208	130.526442518	96.0867839798	242.289007667	48.8691732438	44.0311044414	203.42755322	33.3554037596	58.674550953
108	297.162145508	296.489408353	16.3010299146	394.973790372	11.4813613377	56.7887065563	8.74468986554	11.2031816246	81.1825459057	20.9923705398	219.559723032	24.0839652251	22.0228883752	118.719852286	115.476891435	320.537432206	18.7322423986	18.7192196762	312.455014552	9.65313871145	18.2264507461
109	229.901566307	244.155936095	0.0	344.370208253	0.0	5.01479355835	0.0	0.0	21.3771384378	0.0	151.778652115	0.0	0.0	64.6945783913	72.4434695221	235.394345896	0.0	0.0	237.48556829	0.0	0.0
110	224.38795527	314.46217662	0.0	311.62489744	0.0	0.0	0.0	0.0	76.6903285401	0.0	137.809937075	0.0	0.0	132.524110347	114.237659702	268.603097433	0.0	0.0	327.059479104	0.0	0.0
111	156.974827969	203.996822688	9.87657255545	215.553049507	6.49979443567	14.6384972381	4.59415110518	6.69680588131	52.3243777484	10.6847737138	104.397534253	12.4217130995	9.71545618443	88.7871998516	77.3901399528	184.910353449	10.1066277841	8.07331604016	218.600990227	7.33815303829	11.4818671007
112	258.590412289	289.118736982	0.0	407.77459674	0.0	0.0	0.0	0.0	13.8666677155	0.0	167.186812133	0.0	0.0	65.5135417206	77.9414436503	261.221231582	0.0	0.0	286.387823383	0.0	0.0
113	254.206029217	251.237780463	3.99175476471	348.435309904	2.93397266357	22.9736915661	2.57211378818	2.90567725682	44.1835303203	4.9716077	172.315519715	5.25971100912	6.04343886155	79.8413548957	84.625050041	261.314168983	4.93003716735	5.24613452737	272.615294362	0.935965857243	4.14080496743
114	314.730596196	298.902233707	13.8683273202	383.824716379	9.43376709924	67.9774171133	7.64743325498	9.67969591373	112.374094366	17.78994771	224.304990348	20.9249737172	18.3639995895	125.021901174	117.836932219	335.00314939	15.2339288632	17.4620934379	332.795323474	8.27411889553	15.6226720681
117	309.435802836	286.026439248	0.0	402.09263558	0.0	24.0383039047	0.0	0.0	57.9860455559	0.0	211.23091844	0.0	0.0	100.762377162	101.078850296	312.507207104	0.0	0.0	308.426744098	0.0	0.0
118	283.851099038	203.741114884	0.0	306.383536677	0.0	18.8054758438	0.0	0.0	41.3859716351	0.0	183.349815046	0.0	0.0	73.5970835862	68.7086643301	280.951269172	0.0	0.0	259.561102016	0.0	0.0
119	236.508143998	127.336862704	0.0	221.981453452	0.0	0.0	0.0	0.0	0.322480644547	0.0	137.098243317	0.0	0.0	29.7226268763	25.9311017494	229.047391157	0.0	0.0	194.052574888	0.0	0.0
120	295.692175204	291.777588601	58.7119836511	380.910570644	46.7574008583	125.008277324	29.2676411297	36.5179161617	83.2841694084	79.2150800438	243.970167396	97.0698819418	77.0129302461	173.679952188	134.90205543	354.934780508	68.7991434749	54.0632578638	324.77801532	48.7371422961	85.3489744744
121	128.913985156	137.232314926	13.679186829	180.625193226	12.303915107	38.2209244825	7.06439698875	7.86298919761	25.3735846861	22.379810061	94.6978413679	28.234391946	22.4677879427	61.9477206437	51.9049202104	155.984265498	17.7702530354	14.6354478312	139.211442676	12.8818940298	22.65061373
122	206.602130644	234.945143276	59.2022209594	275.873768364	46.8834150832	142.052225327	29.7434057699	36.9402901318	97.2388324066	85.8537546085	199.898932864	104.812379521	85.0862944767	167.621705683	125.22695065	285.525493755	70.9478540465	61.7860188603	246.053666907	49.6185177501	82.9826307233
123	259.560454654	297.865753701	9.87657255545	388.552969642	6.49979443567	17.1458940172	4.59415110518	6.69680588131	43.5426282684	10.6847737138	178.687129586	12.4217130995	9.71545618443	97.7366512114	98.7198910493	277.776942859	10.1066277841	8.07331604016	294.085980005	7.33815303829	11.4818671007
124	142.343927094	164.741415	0.0	214.304715873	0.0	0.0	0.0	0.0	17.7062935392	0.0	90.7155744626	0.0	0.0	46.8176344848	50.0999734426	154.997168012	0.0	0.0	154.565937619	0.0	0.0
125	231.836031549	257.383543205	0.0	363.456568751	0.0	1.25369838959	0.0	0.0	15.4218047516	0.0	153.059574934	0.0	0.0	63.5235945805	73.5226047508	238.709462517	0.0	0.0	239.182403958	0.0	0.0
126	248.193106234	260.093473111	51.4815545159	325.438500966	34.8010957334	98.6400006902	26.0929457853	35.5042552957	101.804378549	57.6539179553	213.334452525	65.4659854255	56.9921413224	145.06191612	131.967316528	292.332054588	55.2166226386	48.0316677428	269.324413895	32.1605097249	58.349883305
127	324.325541078	287.042992029	0.0	383.036786224	0.0	48.0282538868	1.20292090404	0.193031939008	89.0995004329	5.33391574049	218.52159111	6.38104263242	6.51276135878	111.278852911	104.47587002	329.709647151	0.493159779207	7.43057346099	339.684084816	0.0	0.0
131	172.301449138	99.9923348201	0.0	190.267080214	0.0	0.0	0.0	0.0	3.05089976406	0.0	97.6877914174	0.0	0.0	23.3193541391	20.9074497732	190.17551956	0.0	0.0	151.354499905	0.0	0.0
132	176.784015243	109.455797808	0.0	195.131729102	0.0	6.26849194794	0.0	0.0	18.0697330874	0.0	105.183628443	0.0	0.0	35.0164657361	31.0508875107	198.144259918	0.0	0.0	161.018276914	0.0	0.0
133	240.823185852	259.757594459	0.0	361.892804427	0.0	6.26849194794	0.0	0.0	29.3565556465	0.0	161.734692888	0.0	0.0	72.6786767613	80.0109546694	251.670854125	0.0	0.0	250.089151852	0.0	0.0
134	230.276672056	257.698332152	6.7789360606	359.74946557	5.91430769257	15.3223533061	3.3401747494	3.93135228376	19.783999063	9.82660891864	157.242899295	12.4733692275	9.41513856057	75.3940672953	78.7900088837	244.351716139	8.29039320676	5.87003132524	241.658532557	6.44094701488	11.325306865
135	158.106191299	179.586328261	39.7164489831	221.151632496	35.4759750207	105.253376775	19.9602288561	22.3551534304	57.03537745	62.944049449	147.964154232	79.7245331792	61.8573885254	129.509827059	88.3246937387	222.561379121	51.2044448518	39.6511309513	197.262017977	38.240488052	66.4182907408
136	107.777392908	107.228027023	15.7910732141	138.031804557	11.9766007909	38.0269391295	7.78634159606	10.0667803789	33.8226137233	21.4446604072	85.2260862651	25.931161144	20.9034413691	57.400820554	47.5553603344	125.570489991	18.232221923	15.5865301881	124.559815737	12.8589647653	21.1892729849
137	153.24548369	114.195886517	0.0	169.217958541	0.0	4.72346936888	0.0	0.0	12.4130266385	0.0	81.9808567818	0.0	0.0	29.6572416491	31.3066821888	143.693128752	0.0	0.0	152.553037463	0.0	0.0
138	169.359961405	123.455439112	0.0	172.57717443	0.0	22.5665710126	0.0	0.0	47.0188246769	0.0	113.318932712	0.0	0.0	59.7332471742	54.0581522436	173.302038105	0.0	0.0	156.072353625	0.0	0.0
139	293.192569624	277.948324628	0.0	391.580422428	0.0	18.8054758438	0.0	0.0	48.0963725778	0.0	196.644754736	0.0	0.0	90.7171978233	93.1809137302	295.367444202	0.0	0.0	302.537123204	0.0	0.0
140	267.103360491	237.57155152	0.0	344.938500328	0.0	15.0443806751	0.0	0.0	44.5638416299	0.0	175.487841299	0.0	0.0	86.4028940183	85.4825897848	273.672371917	0.0	0.0	277.439828718	0.0	0.0
144	26.5686395831	30.8748889292	0.0	98.5067342936	0.0	0.0	0.0	0.0	7.63957353463	0.0	8.50111070789	0.0	0.0	7.2006863372	7.45438633834	89.6527611178	0.0	0.0	47.1649316586	0.0	0.0
145	117.204374741	193.968472822	0.0	194.838481549	0.0	0.0	0.0	0.0	73.2604679334	0.0	83.7583745673	0.0	0.0	79.9784698736	76.4995198778	183.882963521	0.0	0.0	180.222651912	0.0	0.0
146	302.145276141	330.955170782	34.5680039441	372.130846082	22.7492805249	65.8612215451	16.0795288681	23.4388205846	113.290250114	37.3967079984	222.849534739	43.4759958484	34.0040966455	181.238937318	149.742613266	344.689388901	35.3731972445	28.2566061406	373.85363494	25.683535634	40.1865348524
147	283.949210879	321.857441264	13.4431126449	446.4261373	8.84694242633	19.9246212407	6.25315011539	9.115096894	31.9321837299	14.5431642216	200.366043774	16.9073317188	13.2238153621	96.1360831583	102.449366356	298.007804695	13.7562433729	10.9886801658	301.076496698	9.98804163544	15.628096887
148	288.001499618	319.897305599	13.2400880947	421.655260007	10.4152745901	22.2224062367	8.61949282774	9.57930174431	45.4890146042	15.1000916802	196.247405601	15.7985241482	14.4966038418	112.789378926	111.181757222	305.138622876	13.9802437507	12.5065653289	322.064737676	10.609524455	14.996459277
149	157.637516784	188.940485815	4.77836193327	216.711055339	3.89826782937	19.752376819	3.38484690949	3.39024142971	36.3472886894	8.526801207	97.8511958556	9.42398300169	10.6881894934	75.4388306819	66.6402365391	184.239786538	6.94117665042	9.01587546264	205.798705225	1.09196016678	4.83093912867
150	173.684120571	154.434368232	0.0	179.526795337	0.0	39.311662239	0.0	0.0	85.2044990975	0.0	104.490039909	1.51185246537	0.0	57.6210255627	53.6309879707	188.005831286	0.0	2.56027950047	176.370089044	0.0	0.0
151	187.241693931	153.786556313	0.0	216.810701512	0.0	15.570138596	0.0	0.0	36.9881510022	0.0	113.779586362	0.167983607263	0.0	54.3511237172	54.2376330523	181.192268039	0.0	0.284475500052	169.576782412	0.0	0.0
152	348.404493563	263.926881627	0.0	352.596373435	0.0	66.3147628755	1.68408926566	0.270244714611	117.451740468	7.46748203669	239.361414045	8.66468591377	9.11786590229	134.510242936	116.200456247	355.474320638	0.69042369089	9.9476420453	348.676093775	0.0	0.0
153	207.634174528	195.982311621	0.0	287.738235018	0.0	0.0	0.0	0.0	14.0414510624	0.0	120.188477585	0.0	0.0	48.6550347366	53.8303706083	207.34645483	0.0	0.0	263.460524222	0.0	0.0
162	257.047049761	324.082037513	4.07491632231	309.279344408	2.99509709406	24.1954767728	2.6256994921	2.96621219967	90.1440360297	5.07518286042	134.547858841	5.95723094723	6.16934383783	161.944664579	120.91128798	298.861170805	5.032746275	6.35109324687	397.909332541	0.955465145935	4.22707173758
163	159.474266427	175.750202866	9.90625542332	227.880921805	8.41077901881	36.696546324	5.76430427906	6.2756517544	42.0202922856	15.7314943934	114.935161209	19.0571309517	17.2314240462	64.4954270057	63.1464292141	185.780056272	13.0556313062	13.2470209611	168.056244951	6.45677758428	13.8482108517
164	48.5838171017	40.8283819515	0.0	57.569079074	0.0	0.0	0.0	0.0	1.93488386728	0.0	23.5539153293	0.0	0.0	9.15066250427	10.9190422091	56.5340317511	0.0	0.0	40.9610296726	0.0	0.0
165	279.631632115	296.804805013	0.0	416.778498056	0.0	9.62182062137	0.240584180808	0.0386063878016	29.6470452255	1.0667831481	187.422724311	1.18981695703	1.30255227176	81.9274586938	89.8600686821	285.615210807	0.0986319558414	1.33981300646	289.084937212	0.0	0.0
176	265.535687908	310.303719057	0.0	405.982689475	0.0	0.0	0.0	0.0	25.0064700157	0.0	166.289695669	0.0	0.0	92.8283792896	92.5944186825	278.634925222	0.0	0.0	309.258466455	0.0	0.0
177	45.5550138404	37.8415245196	0.0	53.4515333966	0.0	0.0	0.0	0.0	1.93488386728	0.0	22.1685601351	0.0	0.0	9.09391431	10.651877482	54.228476684	0.0	0.0	34.8185531548	0.0	0.0
178	214.406545959	219.468918046	0.0	317.136355995	0.0	0.0	0.0	0.0	9.82258611904	0.0	134.847746943	0.0	0.0	49.7873370935	58.0447007553	217.806147231	0.0	0.0	226.027217215	0.0	0.0
