Date	Nday	CH01	CH02	CH03	CH15	CH18
2016-07-05	0	349.08	349.18	347.24	347.32	#N/A
2016-07-06	1	349.20	349.31	347.26	347.35	#N/A
2016-07-07	2	349.28	349.39	347.29	347.38	#N/A
2016-07-08	3	349.31	349.43	347.33	347.43	#N/A
2016-07-09	4	349.30	349.43	347.38	347.47	#N/A
2016-07-10	5	349.27	349.40	347.42	347.51	#N/A
2016-07-11	6	349.22	349.36	347.45	347.55	#N/A
2016-07-12	7	349.16	349.30	347.46	347.56	#N/A
2016-07-13	8	349.11	349.25	347.47	347.58	#N/A
2016-07-14	9	349.15	348.70	#N/A	#N/A	#N/A
2016-07-15	10	349.18	348.23	347.45	347.61	344.60
2016-07-16	11	349.15	348.24	347.45	347.61	344.56
2016-07-17	12	349.07	348.27	347.44	347.60	344.59
2016-07-18	13	349.02	348.22	347.44	347.60	344.57
2016-07-19	14	349.00	348.17	347.43	347.59	344.55
2016-07-20	15	348.98	348.13	347.44	347.60	344.54
2016-07-21	16	348.81	#N/A	347.43	347.59	344.53
2016-07-22	17	348.66	348.78	347.43	347.58	344.53
2016-07-23	18	348.62	348.82	347.42	347.57	344.58
2016-07-24	19	348.58	348.77	347.41	347.56	344.48
2016-07-25	20	348.53	348.72	347.40	347.54	344.50
2016-07-26	21	348.51	348.68	347.38	347.53	344.59
2016-07-27	22	348.49	348.65	347.39	347.53	344.58
2016-07-28	23	348.48	348.65	347.38	347.52	344.48
2016-07-29	24	348.71	348.86	347.38	347.52	344.51
2016-07-30	25	348.99	349.13	347.40	347.54	344.62
2016-07-31	26	349.21	349.35	347.43	347.56	344.60
2016-08-01	27	349.36	349.52	347.46	347.59	344.59
2016-08-02	28	349.47	349.63	347.50	347.63	344.66
2016-08-03	29	349.52	349.68	347.53	347.66	344.65
2016-08-04	30	349.53	349.69	347.55	347.69	344.69
2016-08-05	31	349.51	349.69	347.57	347.70	344.79
2016-08-06	32	349.45	349.65	347.58	347.72	344.82
2016-08-07	33	349.55	349.72	347.59	347.73	344.78
2016-08-08	34	349.86	350.04	347.61	347.75	344.79
2016-08-09	35	350.19	350.36	347.65	347.78	344.75
2016-08-10	36	350.41	350.56	347.69	347.83	344.73
2016-08-11	37	350.54	350.68	347.73	347.88	344.73
2016-08-12	38	350.63	350.76	347.79	347.93	344.78
2016-08-13	39	350.66	350.79	347.83	347.98	344.77
2016-08-14	40	350.64	350.79	347.85	348.00	344.81
2016-08-15	41	350.53	350.75	347.87	348.03	344.87
2016-08-16	42	350.46	350.69	347.88	348.04	344.82
2016-08-17	43	350.41	350.64	347.88	348.04	344.77
2016-08-18	44	350.38	350.61	347.88	348.05	344.85
2016-08-19	45	350.35	350.58	347.88	348.05	344.87
2016-08-20	46	350.32	350.54	347.89	348.06	344.88
2016-08-21	47	350.23	350.48	347.89	348.05	344.81
2016-08-22	48	350.18	350.42	347.90	348.05	344.86
2016-08-23	49	350.12	350.36	347.90	348.05	344.88
2016-08-24	50	350.06	350.30	347.90	348.05	344.89
2016-08-25	51	349.99	350.23	347.90	348.06	344.88
2016-08-26	52	349.99	350.18	347.91	348.06	344.93
2016-08-27	53	349.90	350.13	347.90	348.05	344.98
2016-08-28	54	349.94	350.13	347.90	348.05	344.95
2016-08-29	55	350.25	350.43	347.91	348.06	344.94
2016-08-30	56	350.98	351.07	347.91	348.07	344.88
2016-08-31	57	352.13	352.37	347.93	348.09	#N/A
2016-09-01	58	#N/A	#N/A	347.96	348.15	#N/A
2016-09-02	59	354.63	355.04	347.95	348.22	#N/A
2016-09-03	60	355.81	#N/A	347.92	348.26	345.18
2016-09-04	61	356.90	357.60	348.01	348.38	345.17
2016-09-05	62	357.86	358.98	348.16	348.56	345.18
2016-09-06	63	358.49	359.68	348.26	348.68	345.31
2016-09-07	64	358.81	359.90	348.40	348.86	345.53
2016-09-08	65	358.92	359.86	348.55	349.02	345.72
2016-09-09	66	358.88	359.71	348.68	349.16	345.88
2016-09-10	67	358.79	359.51	348.79	349.30	346.06
2016-09-11	68	358.69	359.31	348.91	349.43	346.24
2016-09-12	69	358.61	359.18	349.01	349.55	346.40
2016-09-13	70	358.82	359.38	349.10	349.65	346.54
2016-09-14	71	359.33	360.01	349.27	349.81	347.45
2016-09-15	72	360.04	360.91	349.38	349.95	347.08
2016-09-16	73	360.92	361.91	349.43	350.10	347.37
2016-09-17	74	361.66	362.51	349.49	350.28	347.43
2016-09-18	75	362.21	362.95	349.62	350.50	347.59
2016-09-19	76	362.70	363.35	349.80	350.77	347.85
2016-09-20	77	363.06	363.66	349.83	350.98	348.40
2016-09-21	78	363.51	364.05	349.94	351.24	349.18
2016-09-22	79	364.30	364.53	350.49	351.82	350.02
2016-09-23	80	364.59	364.87	351.12	352.48	350.67
2016-09-24	81	364.66	365.03	351.68	353.06	351.27
2016-09-25	82	364.70	365.03	352.19	353.56	351.90
2016-09-26	83	364.69	365.00	352.67	354.01	352.44
2016-09-27	84	364.65	#N/A	#N/A	#N/A	352.91
2016-09-28	85	364.60	364.95	#N/A	354.81	353.33
2016-09-29	86	364.56	364.89	#N/A	355.14	353.68
2016-09-30	87	364.50	364.82	#N/A	355.42	353.96
2016-10-01	88	364.52	364.75	#N/A	355.67	354.21
2016-10-02	89	364.67	364.83	#N/A	355.92	354.48
2016-10-03	90	364.60	364.78	#N/A	356.18	354.75
2016-10-04	91	364.52	364.71	#N/A	356.42	354.99
2016-10-05	92	364.43	364.63	355.61	356.62	355.22
2016-10-06	93	364.36	364.53	355.83	356.81	355.43
2016-10-07	94	364.28	364.44	356.05	356.99	355.63
2016-10-08	95	364.22	364.37	356.23	357.15	355.81
2016-10-09	96	364.18	364.33	356.41	357.30	355.99
2016-10-10	97	364.26	364.42	356.58	357.43	356.15
2016-10-11	98	364.36	364.55	356.73	357.57	356.30
2016-10-12	99	364.44	364.69	356.87	357.69	356.43
2016-10-13	100	364.50	364.76	357.01	357.79	356.56
2016-10-14	101	364.56	364.82	357.13	357.90	356.69
2016-10-15	102	364.65	364.95	357.25	358.00	356.80
2016-10-16	103	364.79	365.24	357.35	358.08	356.89
2016-10-17	104	364.91	365.35	357.46	358.18	356.98
2016-10-18	105	364.99	365.38	357.55	358.26	357.05
2016-10-19	106	365.08	365.40	357.66	358.37	357.15
2016-10-20	107	365.13	365.41	357.81	358.50	357.31
2016-10-21	108	365.15	365.40	357.96	358.63	357.46
2016-10-22	109	365.12	365.38	358.09	358.76	357.61
2016-10-23	110	365.09	365.39	358.22	358.88	357.74
2016-10-24	111	365.06	365.42	358.33	358.97	357.84
2016-10-25	112	365.05	365.46	#N/A	359.05	357.92
2016-10-26	113	365.00	365.47	358.37	359.10	357.98
2016-10-27	114	364.95	365.47	358.44	359.14	358.02
2016-10-28	115	364.92	365.45	358.49	359.18	358.05
2016-10-29	116	364.89	365.40	358.52	359.21	358.08
2016-10-30	117	364.85	365.35	358.56	359.23	358.10
2016-10-31	118	364.91	365.39	358.61	359.25	358.12
2016-11-01	119	#N/A	#N/A	#N/A	359.29	358.14
2016-11-02	120	364.97	365.19	358.46	359.34	358.16
2016-11-03	121	364.97	365.16	358.49	359.37	358.18
2016-11-04	122	364.95	365.14	358.53	359.40	358.21
2016-11-05	123	364.91	365.09	358.56	359.41	358.22
2016-11-06	124	364.86	365.03	358.55	359.41	358.21
2016-11-07	125	364.80	364.96	358.55	359.41	358.21
2016-11-08	126	364.78	364.90	358.55	359.41	358.21
2016-11-09	127	364.75	364.88	358.56	359.41	358.21
2016-11-10	128	364.75	364.85	358.58	359.42	358.21
2016-11-11	129	364.74	364.83	358.59	359.42	358.21
2016-11-12	130	364.71	364.80	358.58	359.40	358.19
2016-11-13	131	364.70	364.77	358.57	359.40	358.17
2016-11-14	132	364.69	364.75	358.57	359.40	358.17
2016-11-15	133	364.69	364.73	358.58	359.41	358.18
2016-11-16	134	364.68	364.71	358.58	359.40	358.17
2016-11-17	135	#N/A	364.61	358.58	359.40	358.17
2016-11-18	136	364.51	364.47	358.59	359.39	358.16
2016-11-19	137	364.48	364.42	358.60	359.40	358.18
2016-11-20	138	364.41	364.35	358.59	359.39	358.17
2016-11-21	139	364.34	364.27	358.58	359.39	358.16
2016-11-22	140	364.28	364.19	358.61	359.39	358.18
2016-11-23	141	364.23	364.12	#N/A	#N/A	#N/A
2016-11-24	142	364.17	364.04	#N/A	#N/A	#N/A
2016-11-25	143	364.12	363.98	358.62	#N/A	358.13
2016-11-26	144	364.06	363.92	358.63	#N/A	358.13
2016-11-27	145	364.01	363.85	358.62	#N/A	358.12
2016-11-28	146	363.94	363.80	358.61	#N/A	358.11
2016-11-29	147	363.87	363.73	358.59	#N/A	358.08
2016-11-30	148	363.81	363.67	358.56	#N/A	358.05
2016-12-01	149	363.76	#N/A	358.56	#N/A	358.05
2016-12-02	150	363.70	363.64	358.55	#N/A	358.03
2016-12-03	151	363.64	363.57	358.52	#N/A	358.01
2016-12-04	152	363.58	363.50	358.50	#N/A	357.98
2016-12-05	153	363.53	363.45	358.49	#N/A	357.98
2016-12-06	154	363.48	363.38	358.49	#N/A	357.97
2016-12-07	155	363.41	363.31	358.47	#N/A	357.96
2016-12-08	156	363.34	363.24	358.46	#N/A	357.95
2016-12-09	157	363.28	363.17	358.47	#N/A	357.95
2016-12-10	158	#N/A	363.10	358.45	359.03	357.94
2016-12-11	159	363.00	363.02	358.44	359.01	357.92
2016-12-12	160	362.95	362.94	358.42	358.99	357.91
2016-12-13	161	362.88	362.86	358.41	358.96	357.88
2016-12-14	162	362.81	362.79	358.37	358.94	357.86
2016-12-15	163	362.76	362.71	358.37	358.92	357.85
2016-12-16	164	362.69	362.64	358.36	358.91	357.83
2016-12-17	165	362.64	362.58	358.35	358.90	357.83
2016-12-18	166	362.57	362.51	358.34	358.88	357.81
2016-12-19	167	362.51	362.44	358.33	358.86	357.80
2016-12-20	168	362.45	362.38	358.31	358.85	357.79
2016-12-21	169	362.39	362.31	358.30	358.83	357.77
2016-12-22	170	362.32	362.25	358.29	358.82	357.77
2016-12-23	171	362.26	362.20	358.29	358.81	357.77
2016-12-24	172	362.20	362.13	358.28	358.79	357.76
2016-12-25	173	362.14	362.06	358.25	358.76	357.74
2016-12-26	174	362.08	362.00	358.23	358.73	357.71
2016-12-27	175	362.03	361.95	358.21	358.71	357.69
2016-12-28	176	361.96	361.89	358.20	358.68	357.67
2016-12-29	177	361.91	361.83	358.18	358.65	357.65
2016-12-30	178	361.86	361.77	358.16	358.63	357.63
2016-12-31	179	361.81	361.72	358.14	358.61	357.61
2017-01-01	180	361.76	361.66	358.12	358.59	357.59
2017-01-02	181	361.71	361.61	358.10	358.56	357.58
2017-01-03	182	361.67	361.56	358.08	358.55	357.57
2017-01-04	183	361.62	361.51	358.07	358.53	357.55
2017-01-05	184	361.57	361.47	358.05	358.52	357.54
2017-01-06	185	361.53	361.42	358.04	358.50	357.53
2017-01-07	186	361.60	361.50	358.04	358.50	357.53
2017-01-08	187	361.83	361.74	358.02	358.48	357.52
2017-01-09	188	362.20	362.13	358.02	358.48	357.52
2017-01-10	189	362.42	362.36	358.01	358.48	357.50
2017-01-11	190	#N/A	#N/A	#N/A	#N/A	#N/A
2017-01-12	191	362.72	#N/A	#N/A	358.44	357.48
2017-01-13	192	362.87	#N/A	#N/A	358.43	357.46
2017-01-14	193	363.08	#N/A	#N/A	358.42	357.43
2017-01-15	194	363.30	#N/A	#N/A	358.41	357.41
2017-01-16	195	363.50	#N/A	#N/A	358.41	357.41
2017-01-17	196	#N/A	#N/A	#N/A	358.42	357.40
2017-01-18	197	363.69	362.82	#N/A	358.42	357.39
2017-01-19	198	363.74	362.86	#N/A	358.43	357.40
2017-01-20	199	363.75	362.84	#N/A	358.44	357.40
2017-01-21	200	363.72	362.78	#N/A	358.44	357.39
2017-01-22	201	363.66	362.70	#N/A	358.43	357.37
2017-01-23	202	363.59	362.63	#N/A	358.44	357.39
2017-01-24	203	363.52	362.54	#N/A	358.44	357.38
2017-01-25	204	363.44	362.47	#N/A	358.43	357.37
2017-01-26	205	363.36	362.45	#N/A	358.44	357.37
2017-01-27	206	363.29	362.41	#N/A	358.45	357.39
2017-01-28	207	363.21	362.42	#N/A	358.43	357.38
2017-01-29	208	363.13	362.41	#N/A	358.41	357.36
2017-01-30	209	363.04	362.44	#N/A	358.40	357.35
2017-01-31	210	362.96	362.43	#N/A	358.39	357.33
2017-02-01	211	362.87	362.43	#N/A	358.37	357.30
2017-02-02	212	362.75	362.40	#N/A	358.32	357.26
2017-02-03	213	362.66	362.36	#N/A	358.31	357.24
2017-02-04	214	362.58	362.30	#N/A	358.30	357.24
2017-02-05	215	362.47	362.24	#N/A	358.28	357.23
2017-02-06	216	362.38	362.18	#N/A	358.26	357.21
2017-02-07	217	#N/A	362.11	#N/A	358.24	357.19
2017-02-08	218	#N/A	362.04	#N/A	358.21	357.16
2017-02-09	219	362.11	361.95	357.66	358.20	357.14
2017-02-10	220	362.03	361.86	357.63	358.17	357.12
2017-02-11	221	361.94	361.77	357.60	358.14	357.08
2017-02-12	222	361.85	361.67	357.56	358.10	357.04
2017-02-13	223	361.76	361.58	357.55	358.06	356.99
2017-02-14	224	361.67	361.50	357.52	358.01	356.95
2017-02-15	225	361.60	361.42	357.44	357.97	356.90
2017-02-16	226	361.53	361.35	357.42	357.95	356.87
2017-02-17	227	361.46	361.28	357.37	357.90	356.82
2017-02-18	228	361.38	361.20	357.31	357.84	356.75
2017-02-19	229	361.32	361.14	357.26	357.80	356.70
2017-02-20	230	361.25	361.08	357.22	357.77	356.66
2017-02-21	231	361.19	361.01	357.17	357.71	356.60
2017-02-22	232	361.12	360.94	357.10	357.66	356.53
2017-02-23	233	361.08	360.89	357.06	357.60	356.47
2017-02-24	234	361.00	360.83	357.03	357.55	356.41
2017-02-25	235	360.95	360.77	356.97	357.49	356.36
2017-02-26	236	360.89	360.72	356.93	357.45	356.32
2017-02-27	237	360.83	360.66	356.86	357.39	356.25
2017-02-28	238	360.77	360.60	356.81	357.34	356.19
2017-03-01	239	360.71	360.55	356.76	357.30	356.14
2017-03-02	240	360.67	360.50	356.72	357.26	356.10
2017-03-03	241	360.61	360.45	356.67	357.21	356.05
2017-03-04	242	360.55	360.39	356.62	357.15	355.99
2017-03-05	243	360.50	360.33	356.57	357.10	355.94
2017-03-06	244	360.45	360.28	356.51	357.05	355.88
2017-03-07	245	360.41	360.23	356.46	357.00	355.83
2017-03-08	246	#N/A	#N/A	#N/A	#N/A	#N/A
2017-03-09	247	360.39	360.13	356.48	357.02	355.85
2017-03-10	248	360.33	360.08	356.42	356.96	355.80
2017-03-11	249	360.27	360.02	356.35	356.90	355.72
2017-03-12	250	360.22	359.96	356.30	356.85	355.67
2017-03-13	251	360.17	359.92	356.26	356.80	355.63
2017-03-14	252	360.12	359.87	356.20	356.75	355.57
2017-03-15	253	#N/A	359.80	#N/A	356.64	355.46
2017-03-16	254	359.92	359.76	355.95	356.52	355.33
2017-03-17	255	359.88	359.88	355.90	356.47	355.29
2017-03-18	256	359.82	359.98	355.84	356.42	355.22
2017-03-19	257	359.78	360.02	355.78	356.36	355.17
2017-03-20	258	359.73	360.06	355.72	356.31	355.11
2017-03-21	259	359.68	360.08	355.66	356.25	355.05
2017-03-22	260	359.64	360.11	355.61	356.20	355.00
2017-03-23	261	359.60	360.11	355.57	356.16	354.96
2017-03-24	262	359.54	360.11	355.52	356.11	354.91
2017-03-25	263	359.49	360.15	355.47	356.05	354.85
2017-03-26	264	359.46	360.14	355.41	356.00	354.80
2017-03-27	265	359.41	360.15	355.37	355.96	354.76
2017-03-28	266	359.38	360.14	355.32	355.91	354.71
2017-03-29	267	359.32	359.89	355.27	355.87	354.67
2017-03-30	268	359.26	358.76	355.21	355.81	354.61
2017-03-31	269	359.23	358.79	355.15	355.76	354.55
2017-04-01	270	359.19	358.83	355.11	355.71	354.51
2017-04-02	271	359.15	358.83	355.07	355.66	354.45
2017-04-03	272	359.10	358.84	355.01	355.60	354.39
2017-04-04	273	359.04	358.83	354.95	355.54	354.33
2017-04-05	274	359.00	358.34	#N/A	#N/A	354.29
2017-04-06	275	358.97	357.99	354.84	355.47	354.25
2017-04-07	276	358.91	358.06	354.79	355.41	354.20
2017-04-08	277	358.88	358.30	354.74	355.37	354.16
2017-04-09	278	358.86	358.31	354.71	355.33	354.12
2017-04-10	279	358.81	358.38	354.68	355.30	354.09
2017-04-11	280	358.78	#N/A	#N/A	355.25	354.06
2017-04-12	281	358.76	358.68	354.48	355.21	354.02
2017-04-13	282	358.72	358.64	354.45	355.18	353.99
2017-04-14	283	358.69	358.64	354.42	355.15	353.97
2017-04-15	284	358.66	358.63	354.40	355.12	353.95
2017-04-16	285	358.63	358.60	354.37	355.09	353.92
2017-04-17	286	358.58	358.56	354.36	355.04	353.88
2017-04-18	287	358.54	358.55	354.37	355.00	353.84
2017-04-19	288	358.51	358.56	354.33	354.96	353.81
2017-04-20	289	358.48	358.59	354.30	354.93	353.78
2017-04-21	290	358.46	#N/A	354.27	354.89	353.75
2017-04-22	291	358.49	358.06	354.23	354.87	353.72
2017-04-23	292	358.56	358.12	354.21	354.84	353.70
2017-04-24	293	358.57	358.15	354.18	354.81	353.67
2017-04-25	294	358.55	358.14	354.15	354.79	353.65
2017-04-26	295	358.51	358.13	354.13	354.76	353.63
2017-04-27	296	358.48	358.14	354.10	354.74	353.61
2017-04-28	297	358.77	358.38	354.08	354.72	353.59
2017-04-29	298	359.41	358.98	354.07	354.71	353.57
2017-04-30	299	359.85	359.53	354.05	354.71	353.56
2017-05-01	300	360.10	359.83	354.04	354.71	353.55
2017-05-02	301	360.26	359.99	354.04	354.71	353.55
2017-05-03	302	360.35	360.07	354.04	354.73	353.55
2017-05-04	303	360.38	360.11	354.04	354.74	353.55
2017-05-05	304	360.36	360.09	354.06	354.75	353.56
2017-05-06	305	360.29	360.03	354.06	354.75	353.56
2017-05-07	306	360.19	359.95	354.05	354.76	353.56
2017-05-08	307	360.09	359.87	354.08	354.77	353.58
2017-05-09	308	359.92	359.79	#N/A	#N/A	#N/A
2017-05-10	309	359.74	359.85	354.00	354.75	353.57
2017-05-11	310	359.67	359.85	354.02	354.76	353.59
2017-05-12	311	359.60	359.88	354.04	354.77	353.61
2017-05-13	312	359.54	359.95	354.05	354.79	353.63
2017-05-14	313	359.48	359.95	354.06	354.79	353.63
2017-05-15	314	359.42	359.95	354.06	354.79	353.63
2017-05-16	315	359.36	359.95	354.07	354.79	353.64
2017-05-17	316	359.29	359.96	354.05	354.78	353.62
2017-05-18	317	359.32	359.56	354.04	354.75	353.60
2017-05-19	318	359.31	359.24	354.04	354.73	353.57
2017-05-20	319	359.26	359.21	354.02	354.70	353.55
2017-05-21	320	359.21	359.22	353.99	354.68	353.52
2017-05-22	321	359.15	359.32	353.96	354.65	353.49
2017-05-23	322	359.10	#N/A	353.95	354.63	353.48
2017-05-24	323	359.04	358.65	353.94	354.62	353.47
2017-05-25	324	359.00	358.63	353.92	354.60	353.45
2017-05-26	325	358.95	358.67	353.91	354.59	353.44
2017-05-27	326	358.89	358.76	353.89	354.56	353.42
2017-05-28	327	358.85	358.79	353.88	354.55	353.41
2017-05-29	328	358.80	358.75	353.88	354.54	353.41
2017-05-30	329	358.76	358.76	353.87	354.52	353.40
2017-05-31	330	358.70	358.77	353.85	354.49	353.37
2017-06-01	331	358.64	358.77	353.82	354.46	353.34
2017-06-02	332	358.59	358.77	353.80	354.43	353.32
2017-06-03	333	358.54	358.47	353.77	354.41	353.29
2017-06-04	334	358.49	358.35	353.74	354.37	353.25
2017-06-05	335	358.46	358.33	353.72	354.35	353.24
2017-06-06	336	358.42	358.30	353.68	354.32	353.20
2017-06-07	337	358.41	358.28	353.66	354.30	353.19
2017-06-08	338	#N/A	#N/A	#N/A	#N/A	#N/A
2017-06-09	339	358.38	358.25	353.63	354.30	353.18
2017-06-10	340	358.39	358.25	353.62	354.30	353.18
2017-06-11	341	358.37	358.22	353.62	354.29	353.18
2017-06-12	342	358.36	358.21	353.63	354.30	353.20
2017-06-13	343	358.32	358.18	353.64	354.30	353.22
2017-06-14	344	358.30	358.16	353.66	354.30	353.24
2017-06-15	345	358.28	358.14	353.68	354.32	353.27
2017-06-16	346	358.26	358.12	353.70	354.34	353.31
2017-06-17	347	358.23	358.09	353.74	354.36	353.35
2017-06-18	348	358.21	358.07	353.77	354.38	353.38
2017-06-19	349	358.19	358.04	353.79	354.41	353.41
2017-06-20	350	358.15	358.01	353.81	354.42	353.44
2017-06-21	351	358.15	357.99	353.84	354.44	353.46
2017-06-22	352	358.13	357.97	353.86	354.45	353.48
2017-06-23	353	358.12	357.96	353.89	354.46	353.51
2017-06-24	354	358.11	357.95	353.92	354.49	353.55
2017-06-25	355	358.06	357.93	353.95	354.50	353.58
2017-06-26	356	358.07	357.91	353.97	354.51	353.60
2017-06-27	357	358.03	357.89	353.99	354.53	353.63
2017-06-28	358	358.02	357.87	354.01	354.55	353.66
2017-06-29	359	358.00	357.85	354.04	354.57	353.70
2017-06-30	360	357.99	357.84	354.07	354.59	353.73
2017-07-01	361	357.96	357.82	354.09	354.61	353.75
2017-07-02	362	357.94	357.79	354.11	354.62	353.77
2017-07-03	363	357.92	357.78	354.13	354.63	353.79
2017-07-04	364	357.91	357.76	354.15	354.65	353.81
2017-07-05	365	#N/A	#N/A	#N/A	#N/A	#N/A
2017-07-06	366	357.93	357.70	354.16	#N/A	353.81
2017-07-07	367	357.90	357.67	354.17	#N/A	353.82
2017-07-08	368	357.89	357.66	354.19	#N/A	353.84
2017-07-09	369	357.87	357.64	354.20	#N/A	353.85
2017-07-10	370	357.85	357.62	354.19	#N/A	353.85
2017-07-11	371	357.83	357.59	354.18	#N/A	353.84
2017-07-12	372	357.81	357.58	354.17	#N/A	353.82
2017-07-13	373	357.80	357.56	354.16	#N/A	353.80
2017-07-14	374	357.80	357.55	354.13	#N/A	353.78
2017-07-15	375	357.75	357.51	354.10	#N/A	353.74
2017-07-16	376	357.74	357.49	354.07	#N/A	353.72
2017-07-17	377	357.72	357.48	354.05	#N/A	353.70
2017-07-18	378	357.71	357.46	354.04	#N/A	353.69
2017-07-19	379	357.67	#N/A	354.04	#N/A	353.69
2017-07-20	380	357.67	357.42	354.04	#N/A	353.68
2017-07-21	381	357.66	357.40	354.06	#N/A	353.71
2017-07-22	382	357.63	357.38	354.08	#N/A	353.75
2017-07-23	383	357.61	357.36	354.10	#N/A	353.76
2017-07-24	384	357.59	357.35	354.10	#N/A	353.77
2017-07-25	385	357.55	357.34	354.09	#N/A	353.76
2017-07-26	386	357.53	357.34	354.08	#N/A	353.74
2017-07-27	387	357.50	357.31	354.06	#N/A	353.72
2017-07-28	388	357.47	357.29	354.03	#N/A	353.68
2017-07-29	389	357.46	357.27	354.00	#N/A	353.66
2017-07-30	390	357.44	357.25	353.97	#N/A	353.65
2017-07-31	391	357.40	357.23	353.94	#N/A	353.62
2017-08-01	392	357.40	357.20	353.91	#N/A	353.60
2017-08-02	393	357.38	357.19	353.89	#N/A	353.58
2017-08-03	394	357.36	357.19	#N/A	#N/A	#N/A
2017-08-04	395	357.33	357.21	353.87	#N/A	353.36
2017-08-05	396	357.31	357.19	353.84	#N/A	353.33
2017-08-06	397	357.28	357.16	353.81	#N/A	353.29
2017-08-07	398	357.27	357.13	353.76	#N/A	353.24
2017-08-08	399	357.25	357.11	353.73	#N/A	353.22
2017-08-09	400	357.24	357.08	353.69	#N/A	353.19
2017-08-10	401	357.48	357.27	353.67	#N/A	353.18
2017-08-11	402	358.73	358.48	353.67	#N/A	353.18
2017-08-12	403	360.58	360.18	353.70	#N/A	353.22
2017-08-13	404	362.02	361.81	353.80	#N/A	353.33
2017-08-14	405	362.92	362.73	353.92	#N/A	353.47
2017-08-15	406	363.45	363.19	354.06	#N/A	353.64
2017-08-16	407	363.78	363.47	354.19	#N/A	353.84
2017-08-17	408	363.95	363.66	354.32	#N/A	354.01
2017-08-18	409	364.06	363.80	354.43	#N/A	354.11
2017-08-19	410	364.15	363.91	354.53	#N/A	354.19
2017-08-20	411	364.25	364.04	354.63	#N/A	354.28
2017-08-21	412	364.31	364.13	354.72	#N/A	354.32
2017-08-22	413	364.39	364.22	354.80	#N/A	354.37
2017-08-23	414	364.46	364.31	354.89	#N/A	354.51
2017-08-24	415	364.49	364.44	354.97	#N/A	354.45
2017-08-25	416	364.58	364.63	355.07	#N/A	354.54
2017-08-26	417	364.65	364.80	355.18	#N/A	354.76
2017-08-27	418	364.71	364.94	355.28	#N/A	354.90
2017-08-28	419	364.76	365.06	355.39	#N/A	354.86
2017-08-29	420	364.77	365.09	355.48	#N/A	355.06
2017-08-30	421	364.75	365.10	355.55	#N/A	355.16
2017-08-31	422	364.77	365.13	355.62	#N/A	355.23
2017-09-01	423	364.80	365.16	355.70	#N/A	355.30
2017-09-02	424	364.78	365.15	355.77	#N/A	355.31
2017-09-03	425	364.77	365.11	355.82	#N/A	355.35
2017-09-04	426	364.81	365.08	355.88	#N/A	355.44
2017-09-05	427	#N/A	#N/A	#N/A	#N/A	#N/A
2017-09-06	428	365.05	365.30	356.08	#N/A	355.65
2017-09-07	429	365.19	365.62	356.29	#N/A	355.86
2017-09-08	430	365.19	365.63	356.50	#N/A	356.09
2017-09-09	431	365.23	365.70	356.68	#N/A	356.28
2017-09-10	432	365.25	365.72	356.84	#N/A	356.44
2017-09-11	433	365.24	365.70	357.00	#N/A	356.60
2017-09-12	434	365.23	365.70	357.15	#N/A	356.78
2017-09-13	435	365.23	365.69	357.29	#N/A	356.96
2017-09-14	436	365.23	365.70	357.43	#N/A	357.09
2017-09-15	437	365.24	365.72	357.56	#N/A	357.21
2017-09-16	438	365.28	365.76	357.68	#N/A	357.32
2017-09-17	439	365.29	365.77	357.80	#N/A	357.46
2017-09-18	440	365.30	365.80	357.95	#N/A	357.65
2017-09-19	441	365.28	365.79	358.12	#N/A	357.81
2017-09-20	442	365.27	365.76	358.28	#N/A	357.95
2017-09-21	443	365.27	365.75	358.40	#N/A	358.22
2017-09-22	444	365.31	365.78	358.51	#N/A	358.16
2017-09-23	445	365.29	365.77	358.61	#N/A	358.26
2017-09-24	446	365.28	365.75	358.71	#N/A	358.36
2017-09-25	447	365.30	365.75	358.82	#N/A	358.47
2017-09-26	448	365.34	365.82	358.92	#N/A	358.56
2017-09-27	449	365.36	365.84	359.01	#N/A	358.66
2017-09-28	450	365.39	365.89	359.14	#N/A	358.83
2017-09-29	451	365.44	365.96	359.34	#N/A	359.09
2017-09-30	452	365.45	366.00	359.62	#N/A	359.38
2017-10-01	453	365.43	365.96	359.99	#N/A	359.71
2017-10-02	454	365.43	365.93	360.29	#N/A	359.99
2017-10-03	455	365.49	366.01	360.54	#N/A	360.26
2017-10-04	456	365.53	366.10	360.82	#N/A	360.55
2017-10-05	457	#N/A	#N/A	#N/A	#N/A	360.88
2017-10-06	458	365.48	366.01	361.22	#N/A	361.25
2017-10-07	459	365.48	366.00	361.39	#N/A	361.43
2017-10-08	460	365.48	365.99	361.50	#N/A	361.56
2017-10-09	461	365.52	366.02	361.61	#N/A	361.68
2017-10-10	462	365.52	366.00	361.72	#N/A	361.78
2017-10-11	463	365.48	365.97	361.79	#N/A	361.86
2017-10-12	464	365.46	365.94	361.83	#N/A	361.91
2017-10-13	465	365.49	365.94	#N/A	#N/A	361.99
2017-10-14	466	365.51	365.95	#N/A	#N/A	362.05
2017-10-15	467	365.51	365.97	#N/A	#N/A	362.09
2017-10-16	468	365.52	365.96	#N/A	#N/A	362.14
2017-10-17	469	365.51	365.94	#N/A	#N/A	362.18
2017-10-18	470	365.49	365.93	#N/A	#N/A	362.21
2017-10-19	471	365.50	365.94	#N/A	#N/A	362.24
2017-10-20	472	365.53	365.97	#N/A	#N/A	362.23
2017-10-21	473	365.55	366.00	#N/A	#N/A	362.24
2017-10-22	474	365.52	365.97	#N/A	#N/A	362.24
2017-10-23	475	365.49	365.93	#N/A	#N/A	362.26
2017-10-24	476	#N/A	#N/A	#N/A	#N/A	362.28
2017-10-25	477	#N/A	365.94	#N/A	#N/A	362.32
2017-10-26	478	#N/A	365.92	#N/A	#N/A	362.35
2017-10-27	479	365.45	365.91	#N/A	#N/A	362.39
2017-10-28	480	365.44	365.89	#N/A	#N/A	362.41
2017-10-29	481	365.42	365.86	#N/A	#N/A	362.43
2017-10-30	482	365.41	365.83	#N/A	#N/A	362.45
2017-10-31	483	#N/A	#N/A	#N/A	#N/A	362.32
2017-11-01	484	365.36	365.67	362.89	#N/A	362.19
2017-11-02	485	365.35	365.65	362.91	#N/A	362.21
2017-11-03	486	365.33	365.62	362.93	#N/A	362.22
2017-11-04	487	365.31	365.59	362.93	#N/A	362.21
2017-11-05	488	365.30	365.56	362.92	#N/A	362.20
2017-11-06	489	365.28	365.53	362.92	#N/A	362.19
2017-11-07	490	365.27	365.52	362.90	#N/A	362.17
2017-11-08	491	#N/A	365.52	362.90	#N/A	362.17
2017-11-09	492	365.30	365.52	362.90	#N/A	362.17
2017-11-10	493	365.30	365.53	362.91	#N/A	362.17
2017-11-11	494	365.30	365.54	362.89	#N/A	362.15
2017-11-12	495	365.31	365.55	362.88	#N/A	362.13
2017-11-13	496	365.32	365.57	362.88	#N/A	362.12
2017-11-14	497	#N/A	#N/A	362.88	#N/A	362.09
2017-11-15	498	#N/A	#N/A	362.92	#N/A	362.09
2017-11-16	499	#N/A	#N/A	362.90	#N/A	362.07
2017-11-17	500	#N/A	365.68	362.73	#N/A	362.04
2017-11-18	501	#N/A	365.70	362.61	#N/A	362.03
2017-11-19	502	#N/A	365.73	362.51	#N/A	362.01
2017-11-20	503	#N/A	365.79	362.46	#N/A	362.01
2017-11-21	504	#N/A	365.84	362.44	#N/A	362.02
2017-11-22	505	#N/A	365.83	362.41	#N/A	362.05
2017-11-23	506	365.38	365.80	362.39	#N/A	362.06
2017-11-24	507	365.36	365.76	362.36	#N/A	362.04
2017-11-25	508	365.33	365.71	362.33	#N/A	362.02
2017-11-26	509	365.32	365.68	362.30	#N/A	361.99
2017-11-27	510	365.32	365.67	362.29	#N/A	361.99
2017-11-28	511	365.32	365.66	362.28	#N/A	361.99
2017-11-29	512	365.30	365.62	362.25	#N/A	361.96
2017-11-30	513	365.30	365.60	362.23	#N/A	361.93
2017-12-01	514	365.28	365.57	362.23	#N/A	361.94
2017-12-02	515	365.25	365.53	362.18	#N/A	361.90
2017-12-03	516	365.24	365.51	362.16	#N/A	361.89
2017-12-04	517	365.22	365.48	362.15	#N/A	361.88
2017-12-05	518	365.22	365.34	362.14	#N/A	#N/A
2017-12-06	519	365.19	365.22	362.17	#N/A	#N/A
2017-12-07	520	365.17	365.19	362.17	#N/A	#N/A
2017-12-08	521	365.16	365.16	362.18	#N/A	#N/A
2017-12-09	522	365.14	365.14	362.18	#N/A	#N/A
2017-12-10	523	365.13	365.11	362.17	#N/A	#N/A
2017-12-11	524	365.12	365.09	362.19	#N/A	#N/A
2017-12-12	525	365.11	365.06	362.19	#N/A	#N/A
2017-12-13	526	365.10	365.04	362.17	#N/A	#N/A
2017-12-14	527	365.08	365.01	362.18	#N/A	#N/A
2017-12-15	528	365.07	364.99	362.17	#N/A	#N/A
2017-12-16	529	365.07	364.97	362.18	#N/A	#N/A
2017-12-17	530	365.06	364.95	362.19	#N/A	#N/A
2017-12-18	531	365.03	364.92	362.19	#N/A	#N/A
2017-12-19	532	365.01	364.88	362.18	#N/A	#N/A
2017-12-20	533	365.00	364.86	362.19	#N/A	#N/A
2017-12-21	534	364.95	364.82	362.16	#N/A	#N/A
2017-12-22	535	364.93	364.78	362.14	#N/A	#N/A
2017-12-23	536	364.88	364.73	362.12	#N/A	#N/A
2017-12-24	537	364.84	364.68	362.10	#N/A	#N/A
2017-12-25	538	364.81	364.64	362.14	#N/A	#N/A
2017-12-26	539	364.78	364.61	362.14	#N/A	#N/A
2017-12-27	540	364.75	364.58	362.14	#N/A	#N/A
2017-12-28	541	364.70	364.52	362.15	#N/A	#N/A
2017-12-29	542	364.66	364.49	362.17	#N/A	#N/A
2017-12-30	543	364.59	364.45	362.16	#N/A	#N/A
2017-12-31	544	364.53	364.39	362.17	#N/A	#N/A
2018-01-01	545	364.49	364.34	362.15	#N/A	#N/A
2018-01-02	546	364.48	364.32	362.14	#N/A	#N/A
2018-01-03	547	364.44	364.30	362.17	#N/A	#N/A
2018-01-04	548	364.44	364.28	362.17	#N/A	#N/A
2018-01-05	549	364.40	364.24	362.18	#N/A	#N/A
2018-01-06	550	364.33	364.18	362.16	#N/A	#N/A
2018-01-07	551	364.31	364.16	362.15	#N/A	#N/A
2018-01-08	552	364.29	364.14	362.18	#N/A	#N/A
2018-01-09	553	364.27	364.12	362.21	#N/A	#N/A
2018-01-10	554	364.23	364.09	362.21	#N/A	#N/A
2018-01-11	555	364.15	364.04	362.21	#N/A	#N/A
2018-01-12	556	364.13	364.00	362.21	#N/A	#N/A
2018-01-13	557	364.09	363.97	362.22	#N/A	#N/A
2018-01-14	558	364.03	363.93	362.22	#N/A	#N/A
2018-01-15	559	363.98	363.89	362.22	#N/A	#N/A
2018-01-16	560	363.94	363.84	362.24	#N/A	#N/A