CellNumber	1995	1996	1997	1998	1999	2000	2001	2002	2003	2004	2005	2006	2007	2008	2009	2010	2011	2012	2013	2014	2015
3	339.665225365	229.422588539	57.6737139446	320.873643793	35.9007096567	60.1166198396	64.3392379299	30.2924594651	105.65855273	41.8268810494	245.568170885	61.7760224371	106.526498345	67.9388926748	79.4314238957	305.195359864	57.6708654663	60.9990050512	371.019459872	61.4826781786	45.6897356191
16	385.346223283	281.095723513	91.793879406	362.772120292	58.6735566778	93.8916047009	100.509265563	51.7204349754	155.916935895	68.6126570884	296.970576128	95.9862787059	167.092487947	110.221245466	122.004861038	348.154920024	91.1523741506	98.8115195672	437.651010455	101.011825406	70.5208949264
17	294.513754263	116.050955621	12.0993335745	248.34334509	8.3532348695	11.6526754786	13.1619459525	8.23365193781	25.1962400051	9.86807133698	141.733785328	11.7080634544	21.1594920295	15.5016851038	19.4352511278	202.060048626	11.8064466126	13.721096521	360.298805374	14.5888990668	8.40707795543
27	209.508666452	81.3062288734	0.0	189.555612909	0.0	0.0	0.500046998923	0.0	7.07046520825	0.0	101.422887516	0.0	0.0935638899234	0.095488659774	3.78630910859	169.18226119	0.0360650338401	0.0	176.273607279	0.0	0.0
28	161.019347264	47.2213853044	0.0	145.78949005	0.0	0.0	0.0	0.0	0.243220158996	0.0	63.3837630259	0.0	0.0	0.0	0.0	132.075362669	0.0	0.0	93.0987075404	0.0	0.0
29	247.662267779	86.3341767849	8.89793578194	204.897402917	6.76657069978	12.1507145274	11.6368626741	3.72025104923	15.6368484887	7.05958020924	101.95107737	11.8064844721	21.1763595945	11.5027922192	11.4907428857	156.153646002	10.6887042724	11.2375754788	330.33599994	11.0377863356	8.74469940669
30	308.396854321	191.70301216	54.091659178	281.659149656	34.1950049561	57.2218884347	61.0028556386	27.8862117638	93.1686637746	38.6568748312	200.64618506	57.8404082837	98.7234867152	64.6951757666	71.5316420037	253.814066559	54.7185506061	58.2047301698	374.408252557	56.4689225229	43.1089362468
31	288.85985218	132.848166976	9.1579442123	255.847395103	5.46139253593	9.16280605522	10.4430329464	5.04969475041	26.9342792235	6.90285688867	158.976875271	9.85443547485	17.5557669769	10.4432155662	17.9637022908	223.357888269	8.90815136123	9.23203919167	319.298355135	10.3083682139	7.13772175072
32	251.818852212	145.782684268	0.0	245.897029603	0.0	0.0	1.70528848351	0.0	23.4525435389	0.0	170.066703892	0.0	0.31907685538	0.325640814101	12.9122849088	236.361311749	0.122991012839	0.0	212.193394871	0.0	0.0
34	253.206960751	141.505310886	0.0	244.181773847	0.0	0.0	1.60459525877	0.0	22.0881851647	0.0	165.766065838	0.0	0.300236126776	0.306412499364	12.1498452285	231.68229998	0.115728686367	0.0	221.73065863	0.0	0.0
39	257.85340569	125.67109977	28.8368569723	233.164882632	17.9503548284	30.0583099198	31.8177340398	15.1462297326	48.1880717996	20.9134405247	141.547358681	30.8880112185	53.1974079164	33.9022506139	37.0775907277	207.637691959	28.8100536353	30.4995025256	260.782528895	30.7413390893	22.8448678096
40	159.543200587	51.6372752021	0.0	148.172298943	0.0	0.0	0.100538550048	0.0	1.6069552808	0.0	67.9006566847	0.0	0.018811787392	0.0191987781556	0.761268498024	138.265918256	0.007251170825	0.0	78.5517741608	0.0	0.0
41	205.062616767	61.0890041625	0.0	172.303178758	0.0	0.0	0.100538550048	0.0	1.63915860459	0.0	79.9485541759	0.0	0.018811787392	0.0191987781556	0.761268498024	139.413720059	0.007251170825	0.0	217.848677732	0.0	0.0
42	245.712325287	65.4241713249	0.0	195.697264574	0.0	0.0	0.0	0.0	0.308640897643	0.0	86.6512408073	0.0	0.0	0.0	0.0	140.4683644	0.0	0.0	333.212683938	0.0	0.0
43	270.435862493	93.6233410383	0.0	231.154107096	0.0	0.0	0.469179900224	0.0	6.70436344149	0.0	117.540897426	0.0	0.0877883411627	0.0895942980596	3.55258632411	180.401535008	0.0338387971833	0.0	330.708925682	0.0	0.0
44	298.614275076	105.067266472	0.0	243.436999053	0.0	0.0	0.684252198711	0.0	13.3759497004	0.0	133.281176518	0.0	2.19353244537	0.305584567331	4.50071016775	202.175927359	0.036255854125	0.0730058025705	344.010811905	0.0	0.0
45	271.684091744	111.812903297	0.0	237.814932165	0.0	0.0	0.854577675409	0.0	11.9359468955	0.0	136.606479389	0.0	0.159900192832	0.163189614323	6.4707822332	201.474430749	0.0616349520125	0.0	303.815018174	0.0	0.0
46	270.19080663	97.4950902741	0.0	228.226159132	0.0	0.0	0.552962025265	0.0	7.84204759721	0.0	121.728626089	0.0	0.103464830656	0.105593279856	4.18697673913	184.2339991	0.0398814395375	0.0	324.712260168	0.0	0.0
47	319.636322013	195.410678163	49.0693727317	296.136619749	33.5492552299	57.0201706916	59.9215737388	23.0865150425	87.4956024998	34.5777705843	193.15663441	54.9182657986	92.8308865733	62.1524954474	66.925820625	258.711729426	53.1323948534	57.0125415535	399.517536494	50.5355888633	41.6223817216
48	294.315220735	78.4014547278	0.0	231.803401571	0.0	0.0	0.0	0.0	0.370369077172	0.0	103.939063535	0.0	0.0	0.0	0.0	167.95584433	0.0	0.0	399.484783248	0.0	0.0
49	294.315220735	78.4014547278	0.0	231.803401571	0.0	0.0	0.0	0.0	0.370369077172	0.0	103.939063535	0.0	0.0	0.0	0.0	167.95584433	0.0	0.0	399.484783248	0.0	0.0
52	292.146158257	118.622316389	15.2520544217	247.157009606	9.28451098533	16.2251462862	16.6055005383	8.27439589908	29.888244604	11.5049189321	143.834226008	17.2209894683	31.4556835838	17.6450621847	21.443427956	206.677678181	15.1923666293	15.92449624	346.795272154	17.9178516278	12.3282861648
53	129.489603831	64.0243589754	9.91634606968	126.414555767	8.07259583401	15.167880447	13.6382368624	4.14693665624	18.8371991944	9.51068076051	71.6548383582	15.3867753852	33.0065179179	13.6657244289	12.1526074441	116.597874445	12.9209952337	14.8147518418	102.079135637	15.6135999556	10.7723115577
54	268.905156015	80.0074218562	0.0	219.386318465	0.0	0.0	0.172351800082	0.0	2.68044241785	0.0	103.766358128	0.0	0.0322487783863	0.0329121911239	1.3050317109	166.812226697	0.0124305785571	0.0	339.731993116	0.0	0.0
55	274.247421109	101.446171097	12.589008515	227.018428393	8.06099422792	13.4818383382	14.4774777647	6.3873124868	22.8260649396	8.88474371451	120.270006647	13.4421300413	22.7721918835	15.2767299433	17.2088755433	177.596533086	12.8690762161	13.7409854715	358.379754445	12.9082299872	10.0832661349
56	179.131670807	115.68303512	23.1381408293	169.71806583	18.836056946	35.3917210431	31.9230912289	9.67618553124	45.1115300135	22.1915884412	120.364171479	35.9024758988	77.0340202626	31.9058891122	29.1173525342	154.589706866	30.1562400495	34.5677542976	226.337720451	36.4317332296	25.1353936347
57	312.29442691	155.510985108	34.6896970329	269.602810594	22.1476353928	37.9561683155	38.76419207	17.9418403463	59.5672311917	26.5002792018	176.501819633	39.5597925441	70.1918355833	40.4782107509	44.790724066	232.572105605	35.6122621238	37.2380123859	389.933571166	40.0695172238	28.8468545414
58	293.966794135	116.148488805	0.222229716069	249.699600472	0.192159006142	1.10943271526	3.66720046069	0.06810171562	19.683525184	0.389592356483	145.431963458	0.114667271513	6.13677184129	3.37133123877	9.05877424657	215.096892441	1.59153803453	2.56789290236	331.437075398	0.0503975162416	0.103434860108
59	249.426228786	98.6618014386	13.5034347676	204.023503953	8.95961960055	15.8725120479	15.4226209156	6.81399809382	26.403291084	11.1353024898	120.080348858	16.8665598121	31.9997378516	15.6520313175	17.5407094415	169.401977225	14.4425844614	14.8615028131	311.393655995	17.4840436072	12.0628700282
60	197.491384946	114.124468592	26.3004113531	195.096255176	17.8354133517	30.607334806	31.9611080971	13.2013105806	49.1487421275	20.4211297563	118.760253132	30.6204121381	60.8527422228	34.5691633639	34.7284586695	158.214143037	28.6199031755	33.5470945287	248.978276753	30.3922735944	22.2421526786
61	294.475375056	79.4128008887	0.0	231.318312751	0.0	0.0	0.0778111922016	0.0	3.01871580098	0.0	105.563986393	0.0	0.899774360749	0.0898245756657	0.297586147555	170.168716747	0.0	0.0312882011016	389.542631944	0.0	0.0
62	272.07375259	72.4099862057	0.0	219.090820244	0.0	0.0	0.0	0.0	0.341129413185	0.0	95.8115001075	0.0	0.0	0.0	0.0	155.812843633	0.0	0.0	368.628895714	0.0	0.0
65	312.064526728	144.233696171	20.3235233031	269.342570022	13.1906047135	20.3930989167	23.3764838388	12.6036485204	46.6936870606	16.1203353427	173.241326311	20.6054792408	40.4212111098	26.2344002357	32.5251234485	235.486366158	20.4578249867	23.144343342	355.209387091	23.6555095173	14.8688397551
66	274.39419605	217.575556498	73.3894747004	258.946983505	49.832044971	89.835811141	85.7223217024	36.4125790439	124.251111727	60.0860108409	227.053251181	93.6428483405	177.388633938	88.9455535954	90.6369627382	268.179483529	80.8051157797	85.5876142784	298.912823907	95.350948072	66.5411586336
67	281.009959168	180.060112961	50.2424334862	259.186023767	33.0716955136	57.7302111997	57.7199471003	25.1959575289	86.4479704099	38.5845453456	192.303088127	59.3361637937	106.439700996	59.9209667068	64.7761062571	245.35031325	53.167870422	55.7332718024	312.125469698	59.3479115578	43.2191217347
68	363.862783288	269.543723731	101.325812341	350.412861155	63.7470300606	106.696483817	112.914997233	52.5454642179	164.576835175	72.7491612797	269.055146067	108.40608832	185.447072425	120.430096997	128.396786247	318.632197589	102.060324032	108.446349736	456.578901246	106.481110812	80.6017519442
69	51.0242610035	32.3728936692	5.8451925612	90.195578692	4.94666409745	9.21338404991	8.64229744112	2.41904638281	12.6564869048	5.66487981295	30.643922477	9.06653797441	21.3015639834	9.07165460115	7.64544793805	48.206886256	7.92334993003	10.0932411209	60.6509624429	9.1079333074	6.3118532257
70	255.908773504	124.638341865	17.7102884255	224.293512815	12.3970715288	21.9337410243	23.5290480948	8.49483167273	39.892540235	13.935151161	139.526280822	21.2707819408	43.620956357	24.6643890514	27.0008079355	193.753798084	20.4454112743	23.6606373543	313.907111318	20.7402287231	15.5451434727
71	277.021838567	170.879481023	0.555574290173	272.799996716	0.480397515356	2.77358178814	9.08119304627	0.17025428905	43.4724536486	0.973980891207	202.811435915	0.286668178783	13.1126491878	8.22433677721	22.7186150669	277.518696307	3.98661419793	6.34151175315	223.640230521	0.125993790604	0.25858715027
72	304.053048545	150.841507437	19.190340816	263.368982576	12.4790961729	19.6992581978	23.6669685439	11.866047428	52.7844386444	15.3281722143	181.128421286	19.4012529231	41.4364985026	26.3299922061	34.0700668098	243.617065305	19.9901973506	23.026933281	321.503564965	22.2324117744	14.0102200573
73	209.95350337	87.6186103515	14.7185430517	173.377514145	11.4977941086	21.8120823557	18.6916600242	6.22040498437	23.8141365659	13.9652084768	103.079000199	22.8463713643	44.2441035109	17.6700614551	16.7980990629	142.855148365	18.3886573097	18.4902069289	280.978443922	23.4203999333	16.08645495
74	252.270189201	67.2012469095	0.0	198.688629918	0.0	0.0	0.0	0.0	0.317459209005	0.0	89.0906258871	0.0	0.0	0.0	0.0	143.962152283	0.0	0.0	342.415528498	0.0	0.0
75	259.365271983	70.5245683397	0.0	200.710783466	0.0	0.0	0.112139659349	0.0	4.14353122888	0.0	94.0090657622	0.0	1.29673363755	0.12945306493	0.428874153829	150.761450737	0.0	0.0450918192347	337.776846231	0.0	0.0
79	268.288348329	110.63749987	10.0203301049	227.978105439	8.47999559562	15.794372657	14.944630892	4.14693665624	23.6970159241	9.71122253649	126.665984801	15.5426365276	36.5411534124	15.576092031	14.0852559627	184.541613759	13.5922085283	17.3026990644	349.662184928	15.6135999556	10.8203198155
80	184.090066925	124.975229027	31.5072744019	171.128088946	23.3075605233	41.4269255226	40.8004436307	14.2545001923	57.8897443855	25.6555464602	122.590926048	40.7912510409	80.4413317228	42.3062459068	40.8273268253	156.965719675	37.1313431488	42.2812600147	238.87173691	39.5596162784	29.6482853571
81	303.346353899	118.847707579	25.791761251	252.213707983	15.381064693	25.8054537882	26.8257137457	14.2215892971	40.1377998806	19.4406989926	144.237199965	27.753308072	48.9590406266	28.9178221972	31.0161756863	198.075968756	24.901804339	26.0004369072	402.48313412	29.0317308882	20.1021551347
82	172.106351976	119.34467907	37.3532070188	167.360455229	25.8524431654	46.2492454951	44.0446992621	18.3183752684	62.0559072128	31.6472522891	126.745363091	48.4218442027	93.7928983125	45.3066752196	44.8343282985	150.666944825	41.5937089901	44.6970752156	219.513381716	49.9040350575	34.4585499582
83	294.315220735	78.4014547278	0.0	231.803401571	0.0	0.0	0.0	0.0	0.370369077172	0.0	103.939063535	0.0	0.0	0.0	0.0	167.95584433	0.0	0.0	399.484783248	0.0	0.0
84	314.627945129	113.947342262	8.70836860836	253.942199082	5.22310106742	9.15653428702	10.8275896755	4.7745806235	26.4013188859	6.67502917577	143.832122052	9.30843632643	20.7256343788	11.4473344769	14.8251046818	210.677502933	9.09170899663	9.99769105522	380.501285515	9.70244238753	6.75243580828
85	269.69842283	103.661079281	0.0	231.644082641	0.0	0.0	0.68940720033	0.0	9.69257994218	0.0	128.046626933	0.0	0.128995113545	0.131648764496	5.22012684359	191.366750543	0.0497223142286	0.0	313.673488856	0.0	0.0
86	204.184196689	113.473579479	22.7020525811	183.332233628	17.3657394358	31.5721231733	29.6766304897	9.51397042658	41.094612592	18.7742299108	118.826623859	31.2284260656	57.133002471	28.9285171146	29.8858838365	160.847730524	27.5193915598	28.6385532672	257.620993892	29.882372649	22.8515504634
87	280.734412239	133.70891775	17.5991735675	246.142757634	12.3009920257	21.3790246667	22.1867769358	8.46078081492	37.7293290632	13.7403549828	149.848440468	21.2134483051	41.08711066	23.1100302216	26.0459221271	209.787623825	19.6822725257	22.3923350037	342.054542544	20.715029965	15.4934260427
88	353.63902359	178.875797743	39.2937988871	297.53844006	24.0285163079	40.6720503274	44.1240915096	21.0730141551	79.1057509944	29.1144105288	207.283476885	42.1122044939	78.6336675721	47.0442967687	53.7803163795	271.234729967	39.3621904703	41.9599141104	405.789156689	42.8394337926	30.8670790892
91	345.455966703	170.270461651	47.1875841365	294.319959399	29.373307901	49.1863253233	51.8734457423	24.7847395624	76.1168586443	34.2219935859	188.245861968	50.5440183576	87.014390451	55.4397578826	59.1760237479	246.53712765	47.1298809861	49.9082768601	453.59915182	50.3040094189	37.3825109611
92	284.707262989	102.831249117	10.3708573496	237.870244635	7.15991560243	9.98800755312	11.1524041092	7.05741594669	19.8904988668	8.45834686027	127.829547405	10.0354829609	18.11252087	13.2624745171	15.6800128978	191.355864506	10.1104884483	11.7609398751	341.309653373	12.5047706287	7.20606681894
93	190.575060699	61.9549327713	4.90618101722	155.509746498	3.8325980362	7.27069411855	6.23055334139	2.07346832812	8.09566039411	4.65506949227	77.8883986793	7.61545712143	14.7480345036	5.89002048502	5.59936635431	122.239467934	6.12955243655	6.16340230963	239.221818457	7.80679997778	5.36215165
94	168.076340441	75.5927298448	13.8041167992	144.431229229	10.599168736	19.4214086459	17.8674160155	5.79371937735	23.3856960649	11.7146497015	83.3321950697	19.4219415935	35.9243940981	17.3928127042	17.09010924	117.449843851	16.8182567089	17.4009777884	223.99802154	18.8445863134	14.1068510567
95	273.224116011	137.050679012	15.7540072288	243.74128174	10.452889534	18.5179307226	18.5055093109	7.94966444279	35.8754454161	12.9911862381	160.564839306	19.6776531141	36.3961614637	18.2711005345	24.6845881644	218.043133675	16.8931888966	17.3019170474	304.871361716	20.398050875	14.0733483663
96	264.211921182	81.4233424098	0.0	223.908228944	0.0	0.0	0.172351800082	0.0	2.66690830674	0.0	101.241984664	0.0	0.0322487783863	0.0361372728046	1.33029601948	161.68253926	0.0124305785571	0.0	346.40088218	0.0	0.0
97	164.591469917	84.7715481664	0.0	199.42641722	0.0	0.000949537918702	0.0	0.0	0.197815772897	0.0	59.8719135345	0.0	0.0	0.118367330528	0.543304477791	106.353605037	0.0	0.0	243.054538502	0.0	0.0
98	213.082247426	91.5383834752	9.91634606968	188.688766451	8.07259583401	15.1693047539	13.6382368624	4.14693665624	18.9483923404	9.51068076051	99.5802878505	15.3867753852	33.0065179179	13.7884490361	12.5380709149	144.69079579	12.9209952337	14.8147518418	287.082542098	15.6135999556	10.7723115577
99	231.887652769	67.7373485815	0.0	186.240718249	0.0	0.0	0.129263850062	0.0	2.04553254563	0.0	88.0426299063	0.0	0.0241865837897	0.0246841433429	0.978773783173	139.35406268	0.00932293391786	0.0	304.924940269	0.0	0.0
100	263.593137088	147.771934308	0.0	254.477134794	0.0	0.0	1.6804300508	0.0	23.1301060045	0.0	173.042125536	0.0	0.314425589266	0.320893863458	12.7240591813	241.729820901	0.121198140932	0.0	230.064412726	0.0	0.0
101	261.229899884	153.108125045	0.0	256.221268118	0.0	0.0	1.80969390087	0.0	24.8808549989	0.0	178.35774569	0.0	0.338612173056	0.345578006801	13.7028329644	247.404742176	0.13052107485	0.0	217.032076532	0.0	0.0
102	284.665335487	100.190900237	0.0	238.925279314	0.0	0.0	0.527827387753	0.0	7.51926080435	0.0	125.644512497	0.0	0.098761883808	0.100793585317	3.99665961462	191.128439535	0.0380686468312	0.0	346.269410456	0.0	0.0
104	302.355404634	114.077560698	11.7018176046	251.447805706	6.97844601814	11.7080299594	12.5228106061	6.45238773664	23.1926449108	8.82031713553	140.50112459	12.5917786623	22.278739318	13.1873187575	16.7365935267	202.701085712	11.3234199554	11.7964945227	379.803816114	13.1718038289	9.12042223703
105	314.236601194	124.023190663	25.791761251	257.316653864	15.381064693	25.8054537882	26.8688016957	14.2215892971	40.7394877632	19.4406989926	150.764470076	27.753308072	48.9671028212	28.926050245	31.342433614	207.927376893	24.9049119836	26.0004369072	408.725697863	29.0317308882	20.1021551347
106	242.768394512	102.896610293	18.4096157848	203.349575553	12.7922176368	23.1432061665	21.4891871647	8.88746642194	30.4310187431	15.7903719821	122.226706695	24.4820169335	45.8318736053	21.4357711313	22.1899737928	170.561755185	20.5659216087	20.9936169217	305.394706646	25.290843585	17.4250216782
107	182.395150997	145.208463813	31.7056259336	175.007525145	25.35747841	47.1092599993	44.4003979111	13.901207774	66.4151467044	29.3027422758	141.992792804	46.8264780965	106.371985084	46.8267115037	41.587102682	174.249626506	40.8272256563	50.5144315986	230.667557576	47.2746078872	32.6783673253
108	282.516067682	135.130662774	14.8084913087	249.289651434	9.87979298778	16.4597189728	18.7566431927	7.45186456793	38.5741131343	10.5994997389	151.898442884	15.8643230476	31.7880648303	20.2044060867	24.5821331561	215.313772456	15.8151323561	18.970257711	323.855157291	15.0596016518	11.8198201248
109	231.485313899	69.5929008714	0.0	188.988750251	0.0	0.0	0.172351800082	0.0	2.62911554377	0.0	89.8448071722	0.0	0.0322487783863	0.0329121911239	1.3050317109	141.678698069	0.0124305785571	0.0	300.845426403	0.0	0.0
110	124.917851794	88.4627080508	0.0	190.494665454	0.0	0.00807107230897	0.0	0.0	0.301998220972	0.0	54.2160709909	0.0	0.0	0.707802254027	2.28113951748	93.5020829099	0.0	0.0	183.804774552	0.0	0.0
111	101.63672935	67.2441959705	8.59725375033	134.103428206	5.12702156435	8.60609085002	8.9419045819	4.74052976569	13.4568932009	6.48023299753	53.371836676	9.25110269067	16.3196802089	10.0122855099	11.5330121041	78.0327389579	8.30060144633	8.66681230239	141.020920019	9.67724362941	6.70071837822
112	260.589063463	69.2622088638	0.0	216.419236947	0.0	0.0	0.0	0.0	0.3250177616	0.0	91.3936545528	0.0	0.0	0.0	0.0	149.987792361	0.0	0.0	352.155868368	0.0	0.0
113	225.893817208	90.6359543208	3.99175476471	206.041807217	2.93397266357	4.88002040882	5.83718883294	1.64678272111	13.6018958626	2.40451071698	105.119852226	4.19102735063	6.5089470368	5.69505221199	9.17329186627	160.482898307	4.59022828221	5.07417316914	270.574445075	3.23098635782	3.38254775669
114	307.514439576	143.125967059	12.8112382311	256.735739962	8.25315323406	14.5912710535	18.3182944363	6.45541420242	52.5008324378	9.27433607099	171.543269184	13.5567973128	33.3675245556	19.0560438215	26.124290889	242.183107725	14.4450760274	16.4653193794	302.311809198	12.9586275035	10.186700995
117	279.21105252	112.506673785	0.0	242.950688473	0.0	0.0	0.826164606917	0.0	11.5599387371	0.0	137.912809736	0.0	0.154583818134	0.15776387267	6.25564113593	204.225993347	0.0595857080837	0.0	316.191156269	0.0	0.0
118	216.042769699	89.5672130515	0.0	197.772305704	0.0	0.0	0.646319250309	0.0	9.06100382396	0.0	110.343022018	0.0	0.120932918949	0.123420716715	4.89386891587	178.72039826	0.0466146695893	0.0	180.700893783	0.0	0.0
119	156.217605094	46.1981939123	0.0	143.129362384	0.0	0.0	0.0	0.0	0.239577853286	0.0	62.0734711961	0.0	0.0	0.0	0.0	131.711481172	0.0	0.0	79.1625846257	0.0	0.0
120	293.50503216	184.076174198	50.7273324039	267.914256139	36.5910037711	66.3343131888	61.8505687244	23.5686522212	84.4142626803	43.4959354416	196.48850383	68.5418366029	131.066341441	62.1171262346	61.1188998501	252.964084252	58.5995597084	61.8761588543	343.126320566	69.4262734833	49.0049026709
121	128.801330329	65.9883765809	11.5690704146	113.27208456	9.41802847302	17.6958605216	15.9112763394	4.83809276562	21.9234188881	11.0957942206	71.7082907037	17.9512379494	38.5076042376	15.943345167	14.1780420181	96.8295769181	15.0744944393	17.2838771488	170.396125539	18.2158666148	12.5676968174
122	224.048228911	180.874733283	50.8425865133	212.181491096	36.5810536821	65.2913854306	63.8641313505	24.5889309377	94.054868854	43.7187553338	181.235165263	66.6098993909	140.251457698	67.7963419164	63.7823811351	212.688605961	58.8590183248	69.2571845681	284.593936676	68.0657307771	47.1529546734
123	247.678711862	93.267995882	8.59725375033	221.460658843	5.12702156435	8.60371700523	9.02808048194	4.74052976569	14.7682174592	6.48023299753	106.172006818	9.25110269067	16.3358045981	9.81990048454	11.5094030967	159.123646572	8.30681673561	8.66681230239	328.426845445	9.67724362941	6.70071837822
124	133.09867939	43.0538883204	0.0	117.418470807	0.0	0.00142430687805	0.0	0.0	0.194683199308	0.0	48.7523694485	0.0	0.0	0.122724607221	0.38546347081	79.2653620015	0.0	0.0	182.057071798	0.0	0.0
125	245.476010391	67.3799474669	0.0	194.539326028	0.0	0.0	0.0430879500206	0.0	0.893483654547	0.0	88.7412938935	0.0	0.00806219459657	0.00822804778098	0.326257927724	142.426122415	0.00310764463929	0.0	329.918665755	0.0	0.0
126	246.320861618	159.516778501	46.3642792954	227.230083282	29.3100042481	49.047332944	52.2881619759	23.9024672261	79.8361790061	33.1344641411	165.618828202	49.5774928146	84.6201314702	55.4530078	61.3128360031	207.271903316	46.9016148052	49.889768717	296.463107299	48.4019335911	36.950516783
127	295.620453425	133.002723856	0.555574290173	257.973041434	0.480397515356	2.77358178814	8.3236037724	0.17025428905	37.9950848628	0.973980891207	166.933116642	0.286668178783	15.6265417944	8.30456540524	16.1074411719	240.649583784	3.91513837122	6.43537635646	293.728354098	0.125993790604	0.25858715027
131	110.238699647	34.1914113235	0.0	110.208623526	0.0	0.000474768959351	0.0	0.0	0.177738061941	0.0	44.156588143	0.0	0.0	0.03983317518	0.12006638741	92.8554972629	0.0	0.0	58.9314367037	0.0	0.0
132	111.530322051	45.3443287679	0.0	117.31486655	0.0	0.000949537918702	0.215439750103	0.0	3.10623279906	0.0	54.4843054931	0.0	0.0403109729829	0.120806589265	1.87142241344	100.304493497	0.0155382231964	0.0	62.3441610068	0.0	0.0
133	239.694515199	76.7762693844	0.0	200.432505187	0.0	0.000949537918702	0.215439750103	0.0	3.2442261577	0.0	96.0252578318	0.0	0.0403109729829	0.120806589265	1.87142241344	150.111733579	0.0155382231964	0.0	308.800348992	0.0	0.0
134	247.492875693	78.2525015309	5.72387785343	198.04396591	4.47136437557	8.48247647164	7.26897889829	2.41904638281	9.46975314452	5.43091440764	98.655115244	8.884699975	17.2060402542	6.87169056586	6.53259408002	150.196565217	7.15114450931	7.1906360279	334.375899705	9.1079333074	6.25584359167
135	168.454360806	133.812526442	34.0165174563	165.841007818	26.9045983849	51.1278707365	44.3804918224	13.9357392329	60.2996963198	32.0697028147	137.791177335	52.7088795747	109.566569771	43.9837176576	39.7422432958	165.255862553	43.0780604144	47.6836036961	224.863387964	52.6680407079	36.7894646394
136	95.4106685364	61.6106577904	13.6074188028	94.4602276442	9.36701936216	16.4990042579	16.4788519529	6.81399809382	25.9275126897	11.3358442658	65.5201254146	17.0224209545	34.602350207	17.4396621529	17.8900761594	83.4560337576	15.1013671774	17.3181618346	113.085399917	17.4840436072	12.110878286
137	102.813155815	35.2580070957	0.0	101.382748212	0.0	0.0	0.175061038424	0.0	3.67534472084	0.0	45.5060259557	0.0	0.526209328124	0.0868249616403	1.12948627989	82.4380881678	0.00932293391786	0.0220610798288	103.244230989	0.0	0.0
138	123.968537531	68.8178272529	0.0	119.270478237	0.0	0.0	0.775583100371	0.0	10.6783406762	0.0	80.6814446239	0.0	0.145119502738	0.148104860058	5.87264269904	112.885944374	0.0559376035071	0.0	109.319248442	0.0	0.0
139	261.535251673	100.406130362	0.0	231.550214266	0.0	0.0	0.646319250309	0.0	9.0958694284	0.0	123.376381285	0.0	0.120932918949	0.123420716715	4.91320497355	186.141957175	0.0466146695893	0.0	304.308068651	0.0	0.0
140	204.968305372	92.1602154406	0.0	210.579022485	0.0	0.0	0.517055400247	0.0	7.26516536176	0.0	104.684838762	0.0	0.0967463351589	0.0987365733718	4.18579994021	161.814282497	0.0372917356714	0.0	226.894761934	0.0	0.0
144	5.07239863294	6.09267132669	0.0	30.5130463818	0.0	0.00132935308618	0.0	0.0	0.0335566884854	0.0	3.24474608905	0.0	0.0	0.111532890504	0.336185884747	5.47598804908	0.0	0.0	6.60231563268	0.0	0.0
145	45.8062797389	56.0555482565	0.0	115.799469791	0.0	0.0116318395041	0.0	0.0	0.293621024247	0.0	30.0961282346	0.0	0.0	0.983437982498	3.00057654489	48.0579154363	0.0	0.0	63.9332312915	0.0	0.0
146	227.31786306	158.875209961	30.0903881261	253.548012846	17.9445754752	30.1096861356	31.7993587869	16.5918541799	53.5434269996	22.6808154914	152.147248803	32.3788594174	57.212939668	34.1329796212	40.9944581494	196.824603832	29.0883609163	30.3338430584	270.445689923	33.8703527029	23.4525143238
147	308.788661466	99.5512636916	11.7018176046	246.69988721	6.97844601814	11.7080299594	12.1709256809	6.45238773664	18.4267170927	8.82031713553	126.030825282	12.5917786623	22.2128980621	13.1201230339	14.0721537836	187.252688908	11.2980408575	11.7964945227	415.280731309	13.1718038289	9.12042223703
148	277.608535556	106.856598296	12.0993335745	242.417741814	8.3532348695	11.6526754786	12.8603303024	8.23365193781	21.0758857727	9.86807133698	121.562463148	11.7080634544	21.1030566673	15.4534952576	17.2251332004	178.654645372	11.7846931001	13.721096521	365.093729124	14.5888990668	8.40707795543
149	115.393876092	65.7198135181	4.77836193327	130.572705446	3.89826782937	6.42426472189	7.68067943103	1.92124650796	12.2977326355	3.03922790845	50.3300762249	5.07136990849	11.5952363351	8.765129404	8.11876409798	82.9447012347	6.09121589584	8.82247379031	162.562680801	3.76948408412	4.00231535018
150	192.194805033	69.7160774853	0.0	131.498117117	0.0	0.0	1.03073773048	0.0	36.4363042498	0.0	98.9362808179	0.0	11.7904035948	1.23314852988	3.73774459816	152.047569715	0.0	0.431477817435	137.903119423	0.0	0.0
151	159.116920789	60.6325773482	0.0	131.978670435	0.0	0.0	0.492933924428	0.0	8.73933365503	0.0	76.6528636732	0.0	1.12498390378	0.181590450899	3.39225783091	120.667278658	0.0290046833	0.0365029012852	167.774294874	0.0	0.0
152	281.730011803	163.358048683	0.777804006243	270.293912753	0.672556521499	3.8830145034	11.6887671127	0.23835600467	50.5375902231	1.36357324769	196.354395508	0.401335450296	20.2314409227	11.4932768268	23.4780004647	273.502789264	5.4942458272	8.95112225698	233.099855562	0.176391306846	0.362022010379
153	122.411226127	48.2262117712	0.0	163.005952998	0.0	0.0	0.0	0.0	0.138316365601	0.0	50.7302862891	0.0	0.0	0.0	0.315822275435	92.3822683147	0.0	0.0	148.513192568	0.0	0.0
162	138.429170866	105.770249747	4.07491632231	197.890086888	2.99509709406	4.98168750067	5.83666981199	1.68109069446	18.5778738654	2.45460469025	61.5040479873	4.27834042044	10.23632717	6.15245676761	7.6676980001	108.523001904	4.65413416573	5.30764526466	174.88736977	3.2982985736	3.45301750163
163	169.412020834	73.4514939802	9.00191981717	138.928867029	7.17397046138	12.7772067373	12.9696152381	3.72025104923	23.7882502448	7.26012198522	80.9065656669	11.9623456144	26.4863572266	13.5681248294	13.0397899162	118.555635649	11.350594633	13.7880991035	206.727465643	11.0377863356	8.79270766444
164	36.4240053215	9.67700017426	0.0	30.5507442156	0.0	0.0	0.0	0.0	0.0453513155721	0.0	12.7575361508	0.0	0.0	0.0	0.0	20.9990167189	0.0	0.0	49.1811022697	0.0	0.0
165	287.213348429	89.9608395615	0.111114858035	233.527905611	0.0960795030712	0.554716357629	1.68697475919	0.03405085781	7.23247844444	0.194796178241	116.276712479	0.0573336357565	2.59834325378	1.6201832121	3.5649492302	180.765823158	0.787999905668	1.26830235063	369.195458218	0.0251987581208	0.0517174300541
176	250.174804579	80.4865343652	0.0	220.740770382	0.0	0.0	0.0	0.0	0.304231741963	0.0	88.5746413916	0.0	0.0	0.014109732353	0.110531350042	146.711540898	0.0	0.0	346.796678508	0.0	0.0
177	36.0385984573	9.60017812993	0.0	28.3840899883	0.0	0.0	0.0	0.0	0.0453513155721	0.0	12.7272322696	0.0	0.0	0.0	0.0	20.5660217547	0.0	0.0	48.9165040712	0.0	0.0
178	202.732464947	54.459359156	0.0	170.767829754	0.0	0.0	0.0	0.0	0.258162953952	0.0	71.9712909379	0.0	0.0	0.0	0.0	121.826242109	0.0	0.0	258.040916151	0.0	0.0
