CellNumber	1995	1996	1997	1998	1999	2000	2001	2002	2003	2004	2005	2006	2007	2008	2009	2010	2011	2012	2013	2014	2015
3	456.48486859	390.915513719	64.6388941058	461.587294865	43.3746952895	226.399439608	32.0144657738	44.3702867751	219.452743796	72.1671939706	347.649645484	85.0824809506	69.3468450161	235.375362942	215.749666394	429.863912412	68.4456302248	59.9560827055	456.163869478	42.5000735976	73.7845788483
16	476.525614501	437.094470816	102.281504037	500.532009462	71.491480249	256.914867748	54.5070788737	71.1257073862	242.582429448	114.580148312	391.070539499	130.178782203	110.276541191	286.345322229	257.978764519	475.202924981	108.231211271	94.5187897376	499.67379523	70.8045339665	116.534885268
17	413.368350652	367.115993812	13.2400880947	440.677096705	10.4152745901	96.6917898056	8.61949282774	9.57930174431	102.84199324	15.3222226681	254.688790555	17.3100670208	14.4966038418	138.042171471	145.358056485	322.839990585	13.9802437507	13.3359561751	420.576077469	10.609524455	14.996459277
27	336.10120672	235.118186706	0.0	323.280225193	0.0	68.1080594354	0.0	0.0	76.2764505575	0.245513197182	213.205286634	1.67065264865	0.0	98.9254569638	97.6957345942	290.487265899	0.0	0.916695145738	297.623640498	0.0	0.0
28	265.098782416	164.935378959	0.0	256.356053239	0.0	9.5628265656	0.0	0.0	16.0918989049	0.0	172.494686853	0.0	0.0	66.0475664452	61.5865494671	250.903647215	0.0	0.0	224.104446276	0.0	0.0
29	337.382079006	324.859248372	9.80227138808	381.945469214	8.0033792572	53.6691176513	5.43512071624	6.27540778576	51.2035382884	13.3944153446	198.869101857	15.951170347	14.1135576278	104.423836908	112.551990643	261.670304025	12.0360884874	10.277589949	364.34878738	6.45677758428	13.8482108517
30	393.493300139	373.058835908	60.0618136019	427.081490231	40.6012783556	165.126307516	30.4417700828	41.4216311783	156.790676624	67.4356728273	293.250459634	77.5526274529	66.4908315428	196.829848417	186.336861371	365.345695947	64.4193930784	56.6820274691	418.55377524	37.520594679	68.0748638558
31	430.495823609	347.381184054	10.5206968525	428.379973791	6.92369407278	137.774354221	4.89376965552	7.13355409096	144.603995093	11.8323073373	272.997074079	16.2987234055	10.3490728921	151.148016867	151.658361737	347.281724838	10.7657556831	10.2826586581	411.814621905	7.81672823643	12.2306845203
32	429.634924965	281.925570653	0.0	370.908298617	0.0	193.053739784	0.0	0.0	204.981273251	0.837262954492	279.393792223	5.69735390436	0.0	155.547883913	151.009455165	361.267015568	0.0	3.12616549701	358.658307702	0.0	0.0
34	426.613548373	286.726862775	0.0	374.365355337	0.0	183.843923312	0.0	0.0	195.43105786	0.787824570512	275.311848181	5.36093872143	0.0	152.201188602	148.853257681	355.952599977	0.0	2.94157286766	361.399742324	0.0	0.0
39	357.237320748	298.354167726	32.3194470529	379.285968586	21.6873476447	85.337638858	16.0072328869	22.1851433876	85.7210365038	35.9108284391	253.410705159	41.3655960188	34.6734225081	142.465573504	133.953861184	332.454372267	34.2228151124	29.3329595835	355.713763284	21.2500367988	36.8922894242
40	268.974894756	158.166708862	0.0	252.966759635	0.0	18.2726716662	0.0	0.0	25.2538850206	0.0493624417614	178.436584587	0.33589841613	0.0	69.6781284377	63.492026593	259.14142722	0.0	0.184309076921	220.734372655	0.0	0.0
41	308.677184073	247.564964502	0.0	320.756409796	0.0	31.8932893346	0.0	0.0	38.0862701442	0.0493624417614	182.600678484	0.33589841613	0.0	80.9422077646	85.7402375536	250.340987214	0.0	0.184309076921	295.615744134	0.0	0.0
42	343.93639505	327.978157034	0.0	387.886117592	0.0	33.0319622317	0.0	0.0	38.5217353616	0.0	189.831794188	0.0	0.0	88.7063560046	103.286200936	247.753192135	0.0	0.0	368.468098161	0.0	0.0
43	399.934473649	351.838666081	0.0	426.595784675	0.0	80.0652012957	0.0	0.0	87.8258084752	0.230358061553	235.584378149	1.56752594194	0.0	116.129195045	127.78130052	303.405683318	0.0	0.860109025631	410.858296738	0.0	0.0
44	419.909184948	364.822494568	0.0	441.327811673	0.0	91.7410224439	0.0	0.0	111.533384566	0.556525524192	252.133034954	2.74016503662	0.0	127.176917003	136.56488598	319.761257723	0.0	2.30747440563	417.117930449	0.0	0.0
45	413.943922361	333.225574496	0.0	412.80864098	0.0	116.340221796	0.0	0.0	125.574030293	0.419580754972	251.12202413	2.8551365371	0.0	130.195457753	136.176768638	323.298847446	0.0	1.56662715383	393.792409885	0.0	0.0
46	398.063701724	340.151705719	0.0	414.349117546	0.0	87.9921088109	0.0	0.0	96.0797967403	0.271493429688	234.579237315	1.84744128871	0.0	118.141443407	127.368087796	302.566974172	0.0	1.01369992307	393.68951084	0.0	0.0
47	406.411540028	402.594096192	53.1095081508	457.55876081	38.1953352466	163.397244984	29.0638577592	36.5070166716	151.048395513	63.8821986053	297.575683904	72.9787600533	67.3379296833	193.470379113	190.498006049	378.079350311	60.631074846	55.7709928542	443.094682508	29.0231049381	62.2710257432
48	401.415298312	388.288657057	0.0	459.072828798	0.0	39.638354678	0.0	0.0	46.2260824339	0.0	224.765066789	0.0	0.0	105.688598736	122.389290724	287.436888815	0.0	0.0	433.022783289	0.0	0.0
49	401.415298312	388.288657057	0.0	459.072828798	0.0	39.638354678	0.0	0.0	46.2260824339	0.0	224.765066789	0.0	0.0	105.688598736	122.389290724	287.436888815	0.0	0.0	433.022783289	0.0	0.0
52	405.873620345	356.442187222	17.5648626842	433.351249087	11.8798915644	93.638418523	8.01689016182	11.6225935267	95.6066469763	19.7006451543	257.076957768	24.5801044226	18.0827402818	141.246583802	141.318317924	328.728985469	18.3478303339	15.1702665769	413.232560414	13.0894981627	21.6193886323
53	203.872651459	144.293830742	11.725017282	204.00912217	10.5462129489	39.0507513518	6.05519741893	6.73970502652	27.6267012358	19.182694338	140.164594559	24.2009073823	19.2581039509	73.747352745	61.2251740124	209.312621599	15.2316454589	12.5446695696	190.110735461	11.0416234541	19.4148117685
54	382.637245238	346.457762184	0.0	420.798307334	0.0	51.1161500706	0.0	0.0	58.0497967278	0.0846213287339	220.302136535	0.575825856223	0.0	103.945001403	116.277790951	286.252789663	0.0	0.315958417579	395.207934781	0.0	0.0
55	373.928924852	353.382911582	13.8683273202	415.242940312	9.43376709924	70.7956557619	7.16626489337	9.60248313812	73.63209931	15.7198474104	225.673325888	18.1132935008	15.758895046	120.305650522	129.350541814	289.634178649	15.0366649515	13.5564193807	395.374793494	8.27411889553	15.6226720681
56	234.841595571	222.68234875	27.3583736579	257.189518414	24.607830214	99.7331850856	14.1287939775	15.7259783952	66.9391091566	44.8089825637	165.6751662	56.8046823081	44.9355758854	120.610945496	98.8960180174	234.4372208	35.5405060707	29.4552047393	262.159251524	25.7637880595	45.3012274599
57	408.648326798	380.42285533	39.4319890544	445.493073761	27.5027625642	128.056774278	19.2175740318	26.3658254297	119.576598186	45.5968238113	276.116033535	54.2240048939	43.259926181	173.371282437	165.436080342	348.435357451	42.3559718399	35.0504653003	432.520433672	28.4712366991	48.2938121537
58	422.779298423	353.729195767	0.0	430.72433565	0.0	112.623292891	1.16148164188	0.0772127756033	122.000402393	7.84421989518	258.639704539	5.68441333332	2.89945967393	132.908373051	140.380905301	329.273864162	0.198156100453	4.93892308292	415.00680733	0.0	0.0
59	338.270004664	306.006894337	15.6870891788	362.013719083	11.5692010293	75.3088080931	7.45715803324	10.0665364102	76.3840426916	19.3249369651	206.007551507	24.1435724176	17.7855749506	117.685244437	117.23376223	269.043281914	17.2126791042	14.0146994598	346.505663726	12.8589647653	21.1892729849
60	281.282408179	277.717349139	29.7633845694	318.145303045	21.8177676518	91.4615743867	15.2817900522	19.6695074857	79.0471578741	39.4804315343	196.836784592	46.7184868874	39.7802028336	121.664081584	118.228177399	262.620035996	34.2884296932	31.5457186908	332.039212039	21.1330836609	36.811945053
61	399.268840942	385.633350991	0.0	455.571341308	0.0	41.584592967	0.0	0.0	52.9903849516	0.132734278022	226.079902845	0.454574123988	0.0	106.470545909	122.866448271	288.174495422	0.0	0.593969580441	431.187862219	0.0	0.0
62	379.730219468	367.370057733	0.0	434.602233417	0.0	36.5090108876	0.0	0.0	42.5766548733	0.0	212.607720374	0.0	0.0	98.7429723322	115.589886929	274.211820606	0.0	0.0	415.671653432	0.0	0.0
65	431.323689764	372.289147045	22.609472939	446.63799004	16.4332926116	132.206156687	13.3823565901	15.9209972706	139.222001236	29.541184822	282.637105879	31.7696394754	25.1293799218	162.93239036	163.308262024	354.365626705	23.6358657264	23.428517357	434.562733476	17.5036853476	25.9231038601
66	317.062760352	283.168717172	84.8495775186	335.244206457	63.8022294952	179.456710957	40.7183533486	53.7144564821	129.377079793	107.191777067	275.296101772	131.519566477	103.266737283	224.437085374	169.226988285	368.202445998	95.7973279433	75.7548703998	337.37035838	67.408024913	116.835519802
67	362.549460061	317.983335117	56.9225505712	380.602696075	40.8862389501	153.060578508	28.0754338047	37.5670208609	133.085733765	67.8378679389	274.843402283	81.1819148516	65.7407679062	189.381956115	164.912187343	356.558589405	62.633262877	51.7930889508	371.758518252	40.6793594079	72.279544537
68	422.387685816	452.106764299	112.839681587	496.933722776	76.1019859025	216.376225316	56.7800426758	77.7053164727	193.353280241	125.992609624	363.649551389	143.353683951	123.699738829	269.428986345	246.30381961	442.347844801	120.539873061	104.136651526	508.279868427	71.659172488	128.181633711
69	141.118846605	139.031227151	6.90025076837	163.238453576	6.38960741445	25.7298822248	3.72422223935	3.93163691385	16.4159970269	12.5532011423	88.6558464506	15.7610227185	13.0526493821	42.0523295541	48.8717859797	140.660016877	9.47985982861	8.76541650595	209.037945885	6.44094701488	11.325306865
70	350.157255716	315.791222959	19.7828279788	370.958879981	14.9105734545	106.982032039	10.9391962052	13.0110640235	99.0489566987	30.2614332497	226.524874456	33.7338135257	28.3966100676	133.73777948	131.674916739	296.618515174	23.2613371405	22.9656466645	360.317533064	13.7949306226	25.3300779524
71	450.891140681	292.379965254	0.0	380.491009962	0.0	225.00000468	2.90370410469	0.193031939008	226.533228352	19.3316023734	304.110061573	13.4344891835	7.24864918483	171.152591678	164.811582485	389.032378331	0.495390251134	11.0598577672	383.151255953	0.0	0.0
72	420.786098201	345.197846599	21.2252194938	416.809480047	15.4271726558	149.08873815	13.1437694566	14.9848487235	159.185794366	31.6469742772	280.962739389	32.390205612	25.0405762942	164.611109542	161.678307808	352.681858428	22.2878499566	24.4841010514	406.59907088	16.4320311426	24.3359750524
73	280.957456889	260.146932136	17.4315498701	305.447084022	15.2082197809	62.0508254602	8.58902078418	10.1091915868	45.3624608855	25.2684229337	166.994822694	32.0743780135	24.2103562986	104.214357636	96.7836390904	231.010472532	21.3181539602	15.0943662649	294.343118543	16.5624351811	29.1222176528
74	350.599992259	332.818848906	0.0	393.490996113	0.0	33.9757325811	0.0	0.0	39.6223563719	0.0	192.655771533	0.0	0.0	90.590227488	104.905106335	251.627299108	0.0	0.0	371.162385676	0.0	0.0
75	352.899145485	333.340297531	0.0	393.439530764	0.0	37.7798916618	0.0	0.0	50.536273423	0.191293518326	197.094733886	0.655121531629	0.0	93.6002169736	107.078358163	255.341295168	0.0	0.856014983576	370.026754664	0.0	0.0
79	360.860998936	345.680639603	11.8290013172	405.642810641	10.9536127105	82.5483062573	6.38438098174	6.73994899517	71.4422517134	21.5832393834	223.656971062	27.4507654811	22.3759703693	126.210930242	125.437734153	295.243222609	16.2511882776	15.2633971091	391.019248831	11.0416234541	19.4148117685
80	233.393201804	226.522836335	35.4996000254	252.688891399	28.3907590669	101.65213395	18.9857665914	22.617839919	76.3433915863	50.5705701452	167.183369973	60.6514905445	52.2484230431	122.409135332	106.505364969	235.321513563	43.3239417165	38.6234688124	249.164372961	25.7725199339	48.8856946883
81	398.19683554	391.317525973	29.6297176663	455.742766188	19.499383307	77.8912242953	13.7824533156	20.0904176439	76.143028344	32.0543211414	252.828556568	37.2651392986	29.1463685533	144.964991765	147.634339346	316.607838845	30.3198833524	24.2199481205	445.018312944	22.0144591149	34.445601302
82	227.371517092	217.785290257	43.5034588523	247.429695595	33.3844098162	98.0812451883	21.1242576503	27.4202218711	68.3629206948	57.1375576452	167.81742218	69.6917584057	54.5523242669	128.437495897	105.576797821	233.435585328	49.6427777385	39.3432165835	263.588481257	36.445198134	60.7669438298
83	401.415298312	388.288657057	0.0	459.072828798	0.0	39.638354678	0.0	0.0	46.2260824339	0.0	224.765066789	0.0	0.0	105.688598736	122.389290724	287.436888815	0.0	0.0	433.022783289	0.0	0.0
84	420.583583908	384.515156429	9.87657255545	456.342038935	6.49979443567	88.2207923268	5.17489192612	6.73541226911	100.820602688	14.7742520802	258.211408082	15.7298462561	11.1651860214	136.275599656	143.554374437	324.152674204	10.2057058344	11.3152475457	436.167380175	7.33815303829	11.4818671007
85	403.836074781	335.477627876	0.0	411.830517715	0.0	100.658960103	0.0	0.0	109.238989369	0.338485314936	241.170954101	2.30330342489	0.0	123.175050696	130.867295436	310.950967923	0.0	1.26383367032	392.01771603	0.0	0.0
86	277.882483393	250.673666283	25.4150593995	292.035676527	21.076165108	96.1570271224	13.7332483606	15.9205461004	78.092203075	35.2962596624	180.289098723	43.169625888	36.2972340217	119.283922663	110.231161938	249.97992592	31.1782282949	25.9025937372	282.99100457	18.4343668956	37.4038275877
87	388.204596219	349.182525466	19.7828279788	413.922466789	14.9105734545	117.018399106	10.3584553842	12.9724576357	112.323008697	26.6278214291	251.17731692	32.6304367937	26.9468802307	146.417219	144.942183124	325.077651569	23.1622590903	21.6225607594	398.438002616	13.7949306226	25.3300779524
88	444.09001497	409.059016548	44.4042542571	476.428968232	29.5359243731	152.219784337	21.9779894263	30.3509135692	161.405974151	53.0580430695	312.59203025	60.2262916079	47.3207224662	195.393793849	186.608073163	383.077120206	46.4026185699	42.3985556283	463.772840648	30.9195900523	51.1113623987
91	427.607848274	431.600701503	52.8863679048	492.873927977	35.488387055	122.686370184	26.193653815	36.3029619069	115.682337077	58.6689364206	296.820208179	67.0478965091	56.7383277405	187.51837528	183.770488719	366.387996026	56.0009701839	47.6475256262	477.938279469	34.772787489	60.3692008759
92	398.919519563	353.049982209	11.3486469383	430.587448944	8.92737822012	73.1186371645	7.38813670949	8.21083006655	79.1284548331	13.069867719	244.690568132	14.4053309114	12.4256604358	126.358701186	133.596365382	314.838196996	11.983066072	11.1938507654	406.708177212	9.09387810433	12.8541079517
93	271.894184959	238.950388081	5.81051662337	290.663574577	5.06940659363	35.1738127194	2.86300692806	3.36973052894	32.7326717844	8.42280764455	154.911437906	10.6914593378	8.0701187662	79.2301771608	81.6321807907	214.092563781	7.10605132008	5.03145542163	273.68905951	5.52081172704	9.70740588427
94	236.608830128	215.390644899	15.6127880114	250.336111825	13.0727858508	54.5004113565	8.29812764431	9.64513831469	43.053766573	21.8172229891	139.116717388	26.6426296848	22.183676394	85.2532159523	82.7445221969	198.926253664	19.1421398075	15.3090453706	242.709964247	11.9775893113	23.555616736
95	398.78121119	322.923010102	18.301604042	395.887965122	13.4974012009	139.454579693	8.70001770545	11.7442924786	136.909634277	22.6870777855	258.366665893	29.6525551726	20.7498374424	153.578546935	146.386433619	333.423574551	20.0814589549	16.7633726541	383.288726964	15.0021255595	24.7208184824
96	388.210828123	362.526150792	0.0	430.944048594	0.0	51.3715505872	0.0	0.0	70.4375312574	0.0846213287339	227.098901895	0.575825856223	0.0	114.628111768	129.732451825	288.836836558	0.0	0.315958417579	414.933152396	0.0	0.0
97	357.522544391	337.743505823	0.0	373.305326893	0.0	21.1438729037	0.0	0.0	186.827961648	0.0	263.358671395	0.0	0.0	208.947524594	223.793724775	294.691996082	0.0	0.0	363.496661119	0.0	0.0
98	304.531851883	295.522467422	11.725017282	336.812733044	10.5462129489	58.0162712341	6.05519741893	6.73970502652	76.6507715743	19.182694338	191.193714129	24.2009073823	19.2581039509	119.888491442	119.832814894	253.166699714	15.2316454589	12.5446695696	324.506556045	11.0416234541	19.4148117685
99	331.998148078	302.115602878	0.0	360.039875528	0.0	43.293612812	0.0	0.0	48.9608791491	0.0634659965504	183.690889684	0.431869392167	0.0	88.2070480124	99.9381630724	242.607592801	0.0	0.236968813184	340.27628646	0.0	0.0
100	442.705171955	298.192532675	0.0	389.592757583	0.0	192.319692219	0.0	0.0	204.419066597	0.825057955155	287.116247737	5.61430209817	0.0	158.826762506	155.230912766	369.691278045	0.0	3.08059457139	376.154280182	0.0	0.0
101	445.881316081	291.262061569	0.0	384.24813672	0.0	204.064410491	0.0	0.0	216.587757686	0.888523951706	291.912492425	6.04617149034	0.0	162.914313566	157.757191385	376.018538755	0.0	3.31756338458	371.779779943	0.0	0.0
102	414.384553495	359.989233373	0.0	437.248960275	0.0	87.5959542903	0.0	0.0	95.9149043824	0.259152819247	244.3497326	1.76346668468	0.0	122.379432228	132.704928417	313.273203381	0.0	0.967622653835	415.160240646	0.0	0.0
104	418.399350351	380.03932284	13.4431126449	453.802420658	8.84694242633	90.4336435858	6.25315011539	9.115096894	94.637470023	14.7159327677	255.929818176	18.0829761753	13.2238153621	137.81211425	143.742111718	323.715467743	13.7562433729	11.633761935	433.709643409	9.98804163544	15.628096887
105	408.518553974	392.327603124	29.6297176663	460.536323927	19.499383307	82.9509999562	13.7824533156	20.0904176439	81.7722128775	32.0754764736	260.113474475	37.4090957626	29.1463685533	149.705781044	150.224502999	325.718275011	30.3198833524	24.2989377249	442.243256668	22.0144591149	34.445601302
106	327.087496018	295.710473152	21.4976058022	353.603629931	16.6386076229	74.4843743429	10.3201649613	13.4362669392	63.4219245015	27.5726996673	204.189199322	34.0925447033	25.8556937168	122.081626214	115.306354655	272.233644203	24.3187304243	18.2942060922	339.254057178	18.3797764924	30.8966788692
107	224.100791533	214.320673641	37.2607934217	237.203811414	32.7641289049	126.074053206	19.383691511	21.7756601334	82.9393100743	62.6672175823	171.260618301	78.697936297	64.3072100208	138.843464055	105.585661836	252.024192297	48.8691732438	44.1100940458	240.157159471	33.3554037596	58.674550953
108	397.338861697	349.724817507	16.3010299146	416.255997447	11.4813613377	124.262032696	8.74468986554	11.2031816246	131.896486884	21.4187206272	260.038549474	26.2937593845	22.0228883752	146.21493242	148.5417545	332.450977486	18.7322423986	20.1414086097	401.522652378	9.65313871145	18.2264507461
109	334.604537471	303.580539688	0.0	362.822986892	0.0	47.2085189028	0.0	0.0	53.0171095122	0.0846213287339	187.456128082	0.575825856223	0.0	90.1117282247	101.890363373	246.511672257	0.0	0.315958417579	345.345930074	0.0	0.0
110	315.338045079	335.535459809	0.0	339.630934218	0.0	21.1473727477	0.0	0.0	240.79770506	0.0	256.764620767	0.0	0.0	212.523521835	231.590728582	286.725183823	0.0	0.0	334.964375893	0.0	0.0
111	215.607328992	223.157843283	9.87657255545	232.46214274	6.49979443567	28.2935430572	4.59415110518	6.69680588131	135.870481718	10.6847737138	168.074315304	12.4217130995	9.71545618443	131.750446609	139.904367605	197.770845654	10.1066277841	8.07331604016	236.02370639	7.33815303829	11.4818671007
112	372.74228686	363.393670286	0.0	430.247739266	0.0	34.784678595	0.0	0.0	40.5657458093	0.0	210.241754729	0.0	0.0	96.0001168213	114.06349153	272.015329794	0.0	0.0	419.166447497	0.0	0.0
113	346.244449348	305.347257685	3.99175476471	368.320601672	2.93397266357	79.6807571203	2.57211378818	2.90567725682	86.4847163472	5.18316102183	210.346365477	6.69927564968	6.04343886155	106.35930509	117.451169407	275.485169702	4.93003716735	6.03603057131	360.401764158	0.935965857243	4.14080496743
114	408.122229165	345.39371514	13.8683273202	411.444922398	9.43376709924	137.981985035	8.32774653524	9.67969591373	167.663727229	24.1219620347	274.564143161	25.3507951338	18.6583547199	153.780636915	154.675860611	342.55584337	15.2348210519	21.0702423439	400.077613131	8.27411889553	15.6226720681
117	421.715002076	343.993906943	0.0	424.913730241	0.0	114.702423636	0.0	0.0	123.999890701	0.405630499692	255.419326318	2.76020872385	0.0	131.813381593	138.535506243	327.876337701	0.0	1.514539806	405.064020892	0.0	0.0
118	348.572769555	241.951563326	0.0	331.318867228	0.0	83.2833850622	0.0	0.0	91.9820105161	0.317329982752	223.02959917	2.15934696084	0.0	106.419862352	104.669499982	300.642460135	0.0	1.18484406592	306.902779815	0.0	0.0
119	258.895297532	155.791921458	0.0	249.173667544	0.0	8.19926425104	0.0	0.0	14.7938135621	0.0	171.756198315	0.0	0.0	64.8096466785	59.2720942355	249.865994107	0.0	0.0	216.282721306	0.0	0.0
120	357.29882547	332.841902814	58.7119836511	398.460645417	46.7574008583	143.370700716	29.2676411297	36.5179161617	99.7945160301	79.2150800438	272.57316703	97.0698819418	77.0129302461	197.167680009	159.830855627	366.365013993	68.7991434749	54.0632578638	391.517055456	48.7371422961	85.3489744744
121	187.982463861	162.681543645	13.679186829	188.127189374	12.303915107	50.4899390257	7.06439698875	7.86298919761	34.7907013781	22.379810061	109.142111551	28.234391946	22.4677879427	72.2397813398	63.8451736807	167.547679179	17.7702530354	14.6354478312	185.678295401	12.8818940298	22.65061373
122	257.181298445	257.587869032	59.2022209594	282.317189143	46.8834150832	153.377469521	29.7434057699	36.9402901318	105.931555507	85.8537546085	212.39088306	104.812379521	85.0862944767	176.599314789	135.340938637	293.960490574	70.9478540465	61.7860188603	288.531171438	49.6185177501	82.9826307233
123	367.61020554	357.905058449	9.87657255545	410.72249136	6.49979443567	54.8137547599	4.59415110518	6.69680588131	99.6232588537	10.7270843782	232.427436837	12.7096260276	9.71545618443	135.306085239	146.648819395	289.619032627	10.1066277841	8.23129524895	397.912570199	7.33815303829	11.4818671007
124	217.628308436	199.47752968	0.0	226.969674294	0.0	18.7839107099	0.0	0.0	51.5471175802	0.0	122.745033865	0.0	0.0	69.295392949	78.7071908732	166.193402227	0.0	0.0	216.067540071	0.0	0.0
125	344.399377532	322.584433563	0.0	382.340622584	0.0	37.0816926581	0.0	0.0	42.7351972976	0.0211553321835	189.667477583	0.143956464056	0.0	89.7958343295	103.249458581	248.620730339	0.0	0.0789896043947	360.867019271	0.0	0.0
126	322.964539312	295.991941571	51.4815545159	337.963349047	34.8010957334	139.109996972	26.0929457853	35.5042552957	131.561840222	57.8020052805	237.596410291	66.4736806739	56.9921413224	162.240568109	152.224087865	303.809712915	55.2166226386	48.5845949735	332.2487798	32.1605097249	58.349883305
127	420.101330268	337.547658872	0.0	410.961974105	0.0	140.795879459	2.90370410469	0.193031939008	153.532837553	19.2432325672	271.283360464	11.4872128821	7.24864918483	142.160541741	146.874919049	342.736199376	0.495390251134	11.0250056074	411.184327909	0.0	0.0
131	199.816242747	126.772477061	0.0	220.062865586	0.0	6.40704695874	0.0	0.0	16.7310153769	0.0	127.872792485	0.0	0.0	48.6589427109	48.8836753324	211.168040267	0.0	0.0	174.741777464	0.0	0.0
132	209.814585806	134.495965535	0.0	224.376848739	0.0	28.7688384007	0.0	0.0	45.2411856889	0.105776660917	136.371876743	0.719782320279	0.0	59.3398711916	59.911221765	219.587237162	0.0	0.394948021973	181.64201573	0.0	0.0
133	348.447932192	320.901572453	0.0	382.739649895	0.0	53.0508662102	0.0	0.0	70.7050392036	0.105776660917	201.381365145	0.719782320279	0.0	100.657507522	113.256243186	263.144584957	0.0	0.394948021973	360.457750707	0.0	0.0
134	337.994909995	319.965827982	6.7789360606	377.468872712	5.91430769257	46.4667748388	3.3401747494	3.93135228376	43.6889875889	9.82660891864	191.595762334	12.4733692275	9.41513856057	100.082492337	106.603475848	253.848576079	8.29039320676	5.87003132524	358.471670017	6.44094701488	11.325306865
135	199.370608362	198.672665966	39.7164489831	227.135706405	35.4759750207	117.621936642	19.9602288561	22.3551534304	66.3424150026	62.9652047812	159.477009308	79.8684896433	61.8573885254	137.671005801	97.9440865823	230.094745121	51.2044448518	39.7301205557	231.342850605	38.240488052	66.4182907408
136	137.157164356	123.862562957	15.7910732141	144.498036295	11.9766007909	54.2640084015	7.78634159606	10.0667803789	46.3663380763	21.5081264038	97.4327043121	26.3630305361	20.9034413691	65.7692887631	58.4388229611	132.594260636	18.232221923	15.8234990013	148.651251943	12.8589647653	21.1892729849
137	197.416558145	141.448751714	0.0	183.444725125	0.0	25.1857808725	0.0	0.0	28.5574638924	0.0634659965504	107.285508113	0.437800351447	0.0	45.9036241764	51.1506754639	161.984677042	0.0	0.363097151837	188.167066134	0.0	0.0
138	228.931139205	140.67511443	0.0	183.415439362	0.0	89.0740679526	0.0	0.0	94.7101035974	0.380795979302	134.279438255	2.591216353	0.0	74.1342404562	72.6057061333	190.142195743	0.0	1.4218128791	177.008590722	0.0	0.0
139	399.749640777	337.87028267	0.0	414.323636168	0.0	95.2901480147	0.0	0.0	104.645489138	0.317329982752	240.373258896	2.15934696084	0.0	121.297731488	130.637157313	310.801029739	0.0	1.18484406592	400.256830983	0.0	0.0
140	350.066319675	297.510758202	0.0	367.888009285	0.0	74.3520039396	0.0	0.0	96.8129630072	0.253863986202	218.708583247	1.72747756867	0.0	115.798472818	123.855095696	294.60552869	0.0	0.947875252736	350.773260127	0.0	0.0
144	60.085845805	49.5819708659	0.0	128.743985472	0.0	1.56589328382	0.0	0.0	17.7636338471	0.0	25.6780260655	0.0	0.0	10.595921409	21.2212585943	109.050309105	0.0	0.0	66.9837201893	0.0	0.0
145	170.075896823	214.127017537	0.0	223.995894392	0.0	13.9776033356	0.0	0.0	185.073236797	0.0	148.951890319	0.0	0.0	122.225160284	141.655426941	202.674915763	0.0	0.0	198.44294034	0.0	0.0
146	391.991394678	356.709709953	34.5680039441	396.458613476	22.7492805249	122.345427655	16.0795288681	23.4388205846	240.066846797	37.6435202072	311.17456998	45.155487929	34.0040966455	240.44101569	234.786422819	362.43605199	35.3731972445	29.1781515252	394.673448468	25.683535634	40.1865348524
147	409.75318023	398.905605296	13.4431126449	468.351666339	8.84694242633	58.461910511	6.25315011539	9.115096894	61.511588724	14.5431642216	242.873374302	16.9073317188	13.2238153621	126.684891922	136.865019923	306.491258032	13.7562433729	10.9886801658	445.618005171	9.98804163544	15.628096887
148	406.464953507	380.648438934	13.2400880947	444.85713416	10.4152745901	65.8574121498	8.61949282774	9.57930174431	107.097697451	15.1741353428	258.183888628	16.3023717724	14.4966038418	155.327531445	166.112363958	316.887058328	13.9802437507	12.7830289443	425.550989263	10.609524455	14.996459277
149	229.117782613	208.463716401	4.77836193327	231.093526977	3.89826782937	32.6424748421	3.38484690949	3.39024142971	98.0256979239	8.526801207	156.171298852	9.42398300169	10.6881894934	113.942254326	122.163946237	198.333916586	6.94117665042	9.01587546264	226.25916846	1.09196016678	4.83093912867
150	229.740933227	174.969427574	0.0	202.02260897	0.0	54.8818258019	0.0	0.0	106.347960344	1.39370991923	141.20818946	4.80070611185	0.0	74.3079827888	71.7145834645	191.18022044	0.0	6.82527950834	193.096602031	0.0	0.0
151	254.146209974	183.570665685	0.0	231.693856428	0.0	60.5164528892	0.0	0.0	71.0641195642	0.352306424738	142.803525201	1.87393014251	0.0	70.8736632784	74.1437987768	195.234183333	0.0	1.4302008182	219.629014918	0.0	0.0
152	428.455424911	302.828489873	0.0	380.902025998	0.0	192.19379094	4.06518574657	0.270244714611	205.435281932	26.781607337	293.315991944	15.8381768193	10.1481088588	164.871106083	161.266086861	375.05976104	0.693546351587	14.658020972	382.007587695	0.0	0.0
153	259.782457257	256.635004424	0.0	310.37356115	0.0	14.003682685	0.0	0.0	35.2494325614	0.0	161.428965971	0.0	0.0	75.8017557537	92.8832315186	230.289447641	0.0	0.0	325.147890534	0.0	0.0
162	350.404792356	319.517611361	4.07491632231	342.036812377	2.99509709406	33.8670896004	2.6256994921	2.96621219967	273.356711478	5.61718116234	296.740087194	7.22546599476	6.16934383783	263.908302779	275.096346094	315.029445288	5.032746275	7.78080478349	335.155509385	0.955465145935	4.22707173758
163	231.569825356	208.986439597	9.90625542332	240.149487914	8.41077901881	53.371235303	5.76430427906	6.2756517544	57.0781323403	15.9969629495	137.615704508	19.6783073015	17.2314240462	79.021385499	79.6607937302	194.290273571	13.0556313062	13.9472878362	227.970980955	6.45677758428	13.8482108517
164	91.7446267544	51.3206436892	0.0	60.7776510967	0.0	4.85367608302	0.0	0.0	5.66033662456	0.0	29.6887432455	0.0	0.0	13.4836242622	16.0965511902	70.0090907366	0.0	0.0	59.551008314	0.0	0.0
165	400.874993223	368.113131495	0.0	439.332252653	0.0	64.1570203923	0.580740820939	0.0386063878016	69.1754310907	3.80285447812	231.250778878	2.25502844453	1.44972983697	112.536936087	125.849729831	296.313070336	0.0990780502267	1.97500274025	418.585778402	0.0	0.0
176	387.840446382	370.463223829	0.0	430.241253789	0.0	33.0776466235	0.0	0.0	93.5491260478	0.0	238.767246493	0.0	0.0	142.148474593	157.991681001	290.387299743	0.0	0.0	409.70930074	0.0	0.0
177	89.2641325603	47.5455498437	0.0	56.2129994447	0.0	4.85367608302	0.0	0.0	5.66033662456	0.0	27.5222530762	0.0	0.0	12.9414610697	14.9864437621	67.463694901	0.0	0.0	53.0231979538	0.0	0.0
178	303.884023286	276.172615679	0.0	336.698545206	0.0	25.5298017866	0.0	0.0	30.4026281029	0.0	170.395209631	0.0	0.0	75.4642634445	87.7827440801	230.610788078	0.0	0.0	322.97626875	0.0	0.0
