CellNumber	1995	1996	1997	1998	1999	2000	2001	2002	2003	2004	2005	2006	2007	2008	2009	2010	2011	2012	2013	2014	2015
3	124.415825263	129.563347092	57.6737139446	150.240527388	35.9007096567	60.1166198396	63.4008781294	30.2924594651	92.6407709838	41.8268810494	127.781747497	61.7760224371	106.350921662	67.7597040787	72.3262512474	186.886853076	57.6031878719	60.9990050512	136.257273366	61.4826781786	45.6897356191
16	185.541144437	195.965546949	91.793879406	205.025792483	58.6735566778	93.8916047009	99.8054957129	51.7204349754	146.105245845	68.6126570884	195.079751444	95.9862787059	166.960805436	110.086854018	116.675981552	241.935034435	91.1016159549	98.8115195672	209.424412763	101.011825406	70.5208949264
17	28.9223378237	24.7370680049	12.0993335745	40.5177488424	8.3532348695	11.6526754786	12.7095224773	8.23365193781	18.7158860702	9.86807133698	27.794898335	11.7080634544	21.0748389862	15.4152906021	16.0095428867	71.2637317009	11.7738163439	13.721096521	27.1554746745	14.5888990668	8.40707795543
27	6.99972849639	2.24460388305	0.0	19.7383764678	0.0	0.0	0.0	0.0	0.0	0.0	4.00631327526	0.0	0.0	0.0	0.0	40.2167463334	0.0	0.0	1.88468473789	0.0	0.0
28	0.269835908665	0.0	0.0	1.80336103021	0.0	0.0	0.0	0.0	0.0	0.0	0.0981845161032	0.0	0.0	0.0	0.0	12.450919194	0.0	0.0	0.0	0.0	0.0
29	21.9573049566	26.0426616312	8.89793578194	27.4316551026	6.76657069978	12.1507145274	11.6368626741	3.72025104923	15.3519088767	7.05958020924	22.1845818593	11.8064844721	21.1763595945	11.5027922192	11.4907428857	51.9021167149	10.6887042724	11.2375754788	26.8057667732	11.0377863356	8.74469940669
30	109.600429195	122.755212129	54.091659178	126.049742748	34.1950049561	57.2218884347	60.6509707134	27.8862117638	88.1381866156	38.6568748312	114.772948836	57.8404082837	98.6576454594	64.6279800431	68.8672022606	155.62736795	54.6931715082	58.2047301698	125.865153634	56.4689225229	43.1089362468
31	30.3741172614	22.3769327244	9.1579442123	51.7437570083	5.46139253593	9.16280605522	9.52507227202	5.04969475041	14.1391064703	6.90285688867	26.827936903	9.85443547485	17.384007179	10.2679223744	11.0129899176	85.7808962699	8.84194501891	9.23203919167	24.5063058494	10.3083682139	7.13772175072
32	23.1277258654	7.65467478064	0.0	61.8822751896	0.0	0.0	0.0	0.0	0.0	0.0	13.399160705	0.0	0.0	0.0	0.0	95.4197401491	0.0	0.0	6.42725820871	0.0	0.0
34	21.7859762777	7.20268446026	0.0	58.4363258692	0.0	0.0	0.0	0.0	0.0	0.0	12.6159328176	0.0	0.0	0.0	0.0	91.663600616	0.0	0.0	6.04774391448	0.0	0.0
39	57.6559124354	63.2021374801	28.8368569723	64.0518304405	17.9503548284	30.0583099198	31.7004390647	15.1462297326	46.3203854919	20.9134405247	61.2040137217	30.8880112185	53.1754608311	33.8798520394	36.1631256237	86.2715047498	28.801593936	30.4995025256	66.8023770528	30.7413390893	22.8448678096
40	1.61069088891	0.451296018813	0.0	5.23281146251	0.0	0.0	0.0	0.0	0.0	0.0	0.880920762648	0.0	0.0	0.0	0.0	15.9505337738	0.0	0.0	0.378931322962	0.0	0.0
41	1.65703456256	0.451296018813	0.0	5.97428046537	0.0	0.0	0.0	0.0	0.0	0.0	0.891261569317	0.0	0.0	0.0	0.0	25.0095975207	0.0	0.0	0.378931322962	0.0	0.0
42	0.360372652833	0.0	0.0	3.13871085217	0.0	0.0	0.0	0.0	0.0	0.0	0.12009600539	0.0	0.0	0.0	0.0	28.334445107	0.0	0.0	0.0	0.0	0.0
43	6.65720215908	2.1060480878	0.0	19.5866006522	0.0	0.0	0.0	0.0	0.0	0.0	3.78452465974	0.0	0.0	0.0	0.0	49.3703593823	0.0	0.0	1.76834617382	0.0	0.0
44	13.8720971695	3.16006672451	0.0	26.0055702194	0.0	0.0	0.0	0.0	0.217602399939	0.0	8.24477232527	0.0	0.0	0.0	0.0	62.9642083009	0.0	0.0	5.50836986168	0.0	0.0
45	11.8038569211	3.83601615991	0.0	32.8731736413	0.0	0.0	0.0	0.0	0.0	0.0	6.78601276828	0.0	0.0	0.0	0.0	64.6259714579	0.0	0.0	3.22091624518	0.0	0.0
46	7.77648781872	2.48212810347	0.0	22.4788851043	0.0	0.0	0.0	0.0	0.0	0.0	4.43717126222	0.0	0.0	0.0	0.0	52.7219948585	0.0	0.0	2.08412227629	0.0	0.0
47	103.668381471	126.42855008	49.0693727317	127.589988309	33.5492552299	57.0201706916	59.6702273637	23.0865150425	83.8091823805	34.5777705843	105.693349432	54.9182657986	92.7838571048	62.104498502	65.02264938	154.861931934	53.1142669263	57.0125415535	121.436159847	50.5355888633	41.6223817216
48	0.4324471834	0.0	0.0	3.76645302261	0.0	0.0	0.0	0.0	0.0	0.0	0.144115206468	0.0	0.0	0.0	0.0	34.0013341284	0.0	0.0	0.0	0.0	0.0
49	0.4324471834	0.0	0.0	3.76645302261	0.0	0.0	0.0	0.0	0.0	0.0	0.144115206468	0.0	0.0	0.0	0.0	34.0013341284	0.0	0.0	0.0	0.0	0.0
52	36.6887085119	34.2569899896	15.2520544217	44.8286893131	9.28451098533	16.2251462862	16.2607969381	8.27439589908	24.8780409669	11.5049189321	37.3283874822	17.2209894683	31.391186027	17.5792378024	18.8333645342	76.1242452528	15.1675054722	15.92449624	38.9014247847	17.9178516278	12.3282861648
53	32.0923566218	35.6842576483	9.91634606968	34.5178542123	8.07259583401	15.167880447	13.6382368624	4.14693665624	18.6932407203	9.51068076051	33.9162537893	15.3867753852	33.0065179179	13.6657244289	12.1526074441	45.751395649	12.9209952337	14.8147518418	39.8034648711	15.6135999556	10.7723115577
54	2.69823014162	0.773650317966	0.0	9.34358870542	0.0	0.0	0.0	0.0	0.0	0.0	1.47525154316	0.0	0.0	0.0	0.0	37.1628980715	0.0	0.0	0.64959655365	0.0	0.0
55	26.4327407288	29.4889711889	12.589008515	34.2303153481	8.06099422792	13.4818383382	14.3482139146	6.3873124868	20.7578567362	8.88474371451	26.9924637224	13.4421300413	22.7480052997	15.2520457999	16.2301017601	61.8582120777	12.8597532821	13.7409854715	29.4837595562	12.9082299872	10.0832661349
56	76.0017109983	83.7145638648	23.1381408293	82.7713309154	18.836056946	35.3917210431	31.8225526788	9.67618553124	43.6175616807	22.1915884412	79.8359156576	35.9024758988	77.0152084752	31.886690334	28.3560840361	104.517640674	30.1489888787	34.5677542976	93.253682689	36.4317332296	25.1353936347
57	75.9238072289	78.8125442237	34.6896970329	85.0313509171	22.1476353928	37.9561683155	38.4625764198	17.9418403463	55.1722495483	26.5002792018	79.5952818161	39.5597925441	70.1354002211	40.4206144164	42.5069185719	118.340657569	35.5905086113	37.2380123859	87.2163717683	40.0695172238	28.8468545414
58	19.3692125644	7.41724909485	0.0	36.0708511976	0.00343115748116	0.0	0.0588724103976	0.0	2.77705674263	0.00127760851153	14.1888243005	0.0	0.415152620049	0.2451679381	0.0287436980843	74.3918374859	0.0606367932571	0.102587171948	10.0878585571	0.0	0.0
59	36.0681392046	32.5721596025	13.5034347676	40.1406672106	8.95961960055	15.8725120479	15.1724579233	6.81399809382	21.234204093	11.1353024898	36.156169502	16.8665598121	31.0677147125	15.5292945508	15.9380915831	69.0400523353	14.4301538829	14.830214612	39.523409452	17.4840436072	12.0628700282
60	64.4131751253	74.9849596729	26.3004113531	72.8271958655	17.8354133517	30.607334806	31.8749321971	13.2013105806	47.8152879741	20.4211297563	68.9817712125	30.6204121381	60.8366178336	34.5527072683	34.0759428141	93.1279058086	28.6136878863	33.5470945287	75.9848022458	30.3922735944	22.2421526786
61	3.31413405265	0.387251413047	0.0	5.86020037295	0.0	0.0	0.0	0.0	0.0932581714024	0.0	1.93759127956	0.0	0.0	0.0	0.0	37.7955032635	0.0	0.0	1.54873424866	0.0	0.0
62	0.398306616289	0.0	0.0	3.46910146819	0.0	0.0	0.0	0.0	0.0	0.0	0.132737690168	0.0	0.0	0.0	0.0	31.3170182762	0.0	0.0	0.0	0.0	0.0
65	53.6466225817	44.2780747541	20.2051618238	66.8107938121	13.0900866202	19.8022054053	21.1607748394	12.5673769545	32.7562788691	15.9135155313	52.1240349264	20.5444064549	36.8473653662	24.4733314999	25.6457077838	104.031191543	19.6242469293	21.8146357046	51.4329113318	23.6286673619	14.8137494492
66	176.653839998	187.986081704	73.3894747004	175.988245468	49.832044971	89.835811141	85.6792337523	36.4125790439	123.527962819	60.0860108409	188.264107575	93.6428483405	177.380571744	88.9373255476	90.3107048105	205.964481889	80.802008135	85.5876142784	213.989431745	95.350948072	66.5411586336
67	112.517930198	120.426230363	50.2424334862	122.650140225	33.0716955136	57.7302111997	57.4183314502	25.1959575289	82.1287525014	38.5845453456	117.802899382	59.3361637937	106.383265634	59.8633703723	62.492300763	150.900776031	53.1461169096	55.7332718024	131.86643321	59.3479115578	43.2191217347
68	196.20686238	224.868395239	101.325812341	208.651994969	63.7470300606	106.696483817	112.914997233	52.5454642179	164.367481089	72.7491612797	210.319773666	108.40608832	185.447072425	120.430096997	128.396786247	239.553348624	102.060324032	108.446349736	233.253183872	106.481110812	80.6017519442
69	21.0398074904	24.9802753925	5.8451925612	23.3519599204	4.94666409745	9.21338404991	8.64229744112	2.41904638281	12.6300319708	5.66487981295	22.5229070345	9.06653797441	21.3015639834	9.07165460115	7.64544793805	28.5354911237	7.92334993003	10.0932411209	25.9423771018	9.1079333074	6.3118532257
70	50.4020225195	53.7386906237	17.5991735675	63.4690701764	12.3027076045	21.3790246667	21.7853336408	8.46078081492	32.925497711	13.740993787	51.2227833205	21.2134483051	41.214065024	23.1503337128	22.7977146989	92.4760656759	19.6815144759	22.4436285897	55.4212479562	20.715029965	15.4934260427
71	41.9827486671	18.0585256532	0.0	82.781132358	0.0085778937029	0.0	0.147181025994	0.0	6.70949642807	0.00319402127883	31.602491439	0.0	1.03788155012	0.612919845251	0.0718592452107	127.719700962	0.151591983143	0.256467929869	21.7538086172	0.0	0.0
72	59.2760634186	44.7924784439	18.9681110999	74.882403851	12.2903683243	18.5898254825	19.8946534014	11.7979457124	32.1859498647	14.9398574663	55.6835666596	19.2865856516	34.7989805314	23.0975482342	24.0899342583	115.247917819	18.45308082	20.5303393494	53.5338569952	22.1820142581	13.9067851972
73	42.0204899122	42.8177790784	14.7185430517	43.0706864032	11.4977941086	21.8120823557	18.6916600242	6.22040498437	23.6024970932	13.9652084768	43.7676011542	22.8463713643	44.2441035109	17.6700614551	16.7980990629	66.3097139639	18.3886573097	18.4902069289	52.701424923	23.4203999333	16.08645495
74	0.370669014343	0.0	0.0	3.22838830509	0.0	0.0	0.0	0.0	0.0	0.0	0.12352731983	0.0	0.0	0.0	0.0	29.1440006815	0.0	0.0	0.0	0.0	0.0
75	4.53459035574	0.558097624685	0.0	6.34080031897	0.0	0.0	0.0	0.0	0.134401482315	0.0	2.7118759934	0.0	0.0	0.0	0.0	35.4692444551	0.0	0.0	2.23199935836	0.0	0.0
79	38.0810839552	43.4035669827	10.0203301049	46.9847839965	8.47999559562	15.794372657	14.8153670419	4.14693665624	21.6514833784	9.71122253649	39.7129307496	15.5426365276	36.5169668286	15.5514078877	13.1064821795	76.5715943296	13.5828855943	17.3026990644	44.9598438755	15.6135999556	10.8203198155
80	82.130737325	97.7747243259	31.5072744019	92.0132292456	23.3075605233	41.4269255226	40.8004436307	14.2545001923	57.7612489914	25.6555464602	86.5804337703	40.7912510409	80.4413317228	42.3062459068	40.8273268253	110.491705932	37.1313431488	42.2812600147	100.274975375	39.5596162784	29.6482853571
81	50.2906131191	51.4159945361	25.791761251	50.253503688	15.381064693	25.8054537882	26.8257137457	14.2215892971	39.8203406716	19.4406989926	55.1791897537	27.753308072	48.9590406266	28.9178221972	31.0161756863	81.9588322618	24.901804339	26.0004369072	59.2738110262	29.0317308882	20.1021551347
82	92.439206092	98.273210426	37.3532070188	92.4699129229	25.8524431654	46.2492454951	44.0446992621	18.3183752684	61.9589057879	31.6472522891	99.3488446934	48.4218442027	93.7928983125	45.3066752196	44.8343282985	112.552655975	41.5937089901	44.6970752156	113.034227285	49.9040350575	34.4585499582
83	0.4324471834	0.0	0.0	3.76645302261	0.0	0.0	0.0	0.0	0.0	0.0	0.144115206468	0.0	0.0	0.0	0.0	34.0013341284	0.0	0.0	0.0	0.0	0.0
84	30.0069529708	21.1380476431	8.59725375033	36.5646138441	5.12873714309	8.60181792939	8.9713407871	4.74052976569	14.8018625189	6.48087180179	27.7074540062	9.25110269067	16.5272565189	9.76185803478	10.3530970778	75.4623598251	8.33091984296	8.71810588836	26.8813689527	9.67724362941	6.70071837822
85	9.59667682862	3.09460127186	0.0	27.1661170099	0.0	0.0	0.0	0.0	0.0	0.0	5.49917053399	0.0	0.0	0.0	0.0	57.9722012006	0.0	0.0	2.5983862146	0.0	0.0
86	59.6904591777	67.1315666065	22.7020525811	70.5496898072	17.3657394358	31.5721231733	29.5042786896	9.51397042658	38.5713167846	18.7742299108	60.1227584259	31.2284260656	57.1007536926	28.8956049234	28.5808521256	91.2767001232	27.5069609813	28.6385532672	71.8282717411	29.882372649	22.8515504634
87	48.4486323649	52.2545238675	17.5991735675	64.2434265254	12.3009920257	21.3790246667	21.7558974356	8.46078081492	31.5835984254	13.7403549828	48.6314582941	21.2134483051	41.006488714	23.0277497438	22.7833428499	94.6360063819	19.6511960793	22.3923350037	52.8568767552	20.715029965	15.4934260427
88	93.5302862987	86.8710662596	39.1803691361	101.298120899	23.9321864684	40.105777379	42.0617672794	21.0382539044	63.4957018578	28.9162082095	94.6586270476	42.0536764074	73.412843533	45.2152113821	48.2452461557	145.795510251	38.5792067681	40.6217308806	99.293740504	42.8137100604	30.8142842127
91	91.6481168173	102.560114386	47.1875841365	97.3789583799	29.373307901	49.1863253233	51.8734457423	24.7847395624	75.7969944413	34.2219935859	98.6047702294	50.5440183576	87.014390451	55.4397578826	59.1760237479	130.849141567	47.1298809861	49.9082768601	108.589566288	50.3040094189	37.3825109611
92	23.1185128165	20.6229634086	10.3708573496	30.6525769399	7.15991560243	9.98800755312	10.8938764091	7.05741594669	16.0421880601	8.45834686027	22.8369241307	10.0354829609	18.0641477025	13.2131062304	13.7224653315	58.746667557	10.0918425804	11.7609398751	22.7889237344	12.5047706287	7.20606681894
93	14.1888191548	14.2725930261	4.90618101722	15.8629791698	3.8325980362	7.27069411855	6.23055334139	2.07346832812	7.86749903108	4.65506949227	14.6510422146	7.61545712143	14.7480345036	5.89002048502	5.59936635431	35.1463028057	6.12955243655	6.16340230963	17.567141641	7.80679997778	5.36215165
94	35.7435658602	40.3152546573	13.8041167992	39.8806389184	10.599168736	19.4214086459	17.8674160155	5.79371937735	23.2194079078	11.7146497015	36.7000776532	19.4219415935	35.9243940981	17.3928127042	17.09010924	56.8740075713	16.8182567089	17.4009777884	44.3729084142	18.8445863134	14.1068510567
95	46.7413768449	40.2568356673	15.7540072288	64.9076178856	10.452889534	18.5179307226	17.7012009105	7.94966444279	24.6644369085	12.9911862381	44.7771980692	19.6776531141	36.2456671646	18.1175103092	18.5944401802	97.4994835422	16.83517953	17.3019170474	46.5773756751	20.398050875	14.0733483663
96	2.68379005745	0.773650317966	0.0	9.28479108982	0.0	0.0	0.0	0.0	0.0	0.0	1.46964396837	0.0	0.0	0.0	0.0	36.8714793949	0.0	0.0	0.64959655365	0.0	0.0
97	0.202985412616	0.027054138763	0.0	2.14383998988	0.0	0.0	0.0	0.0	0.0	0.0	0.0676459132401	0.0	0.0	0.0	0.0	16.0019947598	0.0	0.0	0.0	0.0	0.0
98	32.1880415555	35.7248388564	9.91634606968	35.9743832801	8.07259583401	15.167880447	13.6382368624	4.14693665624	18.6932407203	9.51068076051	33.9435680491	15.3867753852	33.0065179179	13.6657244289	12.1526074441	58.1905873094	12.9209952337	14.8147518418	39.8034648711	15.6135999556	10.7723115577
99	2.06579525942	0.580237738474	0.0	7.41405103364	0.0	0.0	0.0	0.0	0.0	0.0	1.11987973625	0.0	0.0	0.0	0.0	31.8170382149	0.0	0.0	0.487197415237	0.0	0.0
100	22.8132810256	7.54309060017	0.0	61.1778576341	0.0	0.0	0.0	0.0	0.0	0.0	13.2114005598	0.0	0.0	0.0	0.0	95.8131084102	0.0	0.0	6.33356639809	0.0	0.0
101	24.5348836289	8.12332833864	0.0	65.5941195273	0.0	0.0	0.0	0.0	0.0	0.0	14.2165763562	0.0	0.0	0.0	0.0	100.567860278	0.0	0.0	6.82076381332	0.0	0.0
102	7.46232448	2.36930409877	0.0	21.7995224198	0.0	0.0	0.0	0.0	0.0	0.0	4.2485830418	0.0	0.0	0.0	0.0	53.416570922	0.0	0.0	1.98938944555	0.0	0.0
104	27.755883155	24.9071632165	11.7018176046	37.0193446086	6.97844601814	11.7080299594	12.1709256809	6.45238773664	18.0666360454	8.82031713553	27.8553818526	12.5917786623	22.2128980621	13.1201230339	14.0721537836	69.9626285191	11.2980408575	11.7964945227	28.2190072256	13.1718038289	9.12042223703
105	50.8849388747	51.6094071156	25.791761251	51.8774497845	15.381064693	25.8054537882	26.8257137457	14.2215892971	39.8203406716	19.4406989926	55.5214638299	27.753308072	48.9590406266	28.9178221972	31.0161756863	84.7303160566	24.901804339	26.0004369072	59.4362101646	29.0317308882	20.1021551347
106	45.9334891657	46.0706760566	18.4096157848	48.4310076011	12.7922176368	23.1432061665	21.4030112647	8.88746642194	29.0084449527	15.7903719821	48.245228042	24.4820169335	45.8157492161	21.4193150358	21.5374579374	74.5247367997	20.5597063194	20.9936169217	55.2170185676	25.290843585	17.4250216782
107	105.787865161	122.822760198	31.7056259336	115.398636073	25.35747841	47.1092599993	44.3573099611	13.901207774	65.7333025225	29.3027422758	113.018542747	46.8264780965	106.36392289	46.8184834559	41.2608447543	138.403951685	40.8241180117	50.5144315986	129.188309958	47.2746078872	32.6783673253
108	44.2684968589	44.9896939728	14.8084913087	62.8393730723	9.87979298778	16.4597189728	18.1129014432	7.45186456793	27.7775838267	10.5994997389	42.2175583552	15.8643230476	30.6348632455	19.9940174685	20.0479725781	95.2147936853	15.7752509166	18.9337548098	43.1676799182	15.0596016518	11.8198201248
109	2.63966279384	0.773650317966	0.0	8.88613833137	0.0	0.0	0.0	0.0	0.0	0.0	1.45493833505	0.0	0.0	0.0	0.0	33.4019555042	0.0	0.0	0.64959655365	0.0	0.0
110	0.114730885392	0.229960179486	0.0	2.8698484573	0.0	0.0	0.0	0.0	0.0	0.0	0.038234646614	0.0	0.0	0.0	0.0	9.3793334494	0.0	0.0	0.0	0.0	0.0
111	16.7282358955	17.2604084698	8.59725375033	17.4264306571	5.12702156435	8.60181792939	8.9419045819	4.74052976569	13.2734468905	6.48023299753	18.3812987446	9.25110269067	16.3196802089	9.63927406573	10.3387252288	24.733823524	8.30060144633	8.66681230239	19.7579370087	9.67724362941	6.70071837822
112	0.379494467065	0.0	0.0	3.30525469331	0.0	0.0	0.0	0.0	0.0	0.0	0.126468446492	0.0	0.0	0.0	0.0	29.8379054596	0.0	0.0	0.0	0.0	0.0
113	13.7657048379	13.7041944	3.99175476471	28.5387341812	2.93397266357	4.88002040882	5.40630933273	1.64678272111	7.48440984565	2.40451071698	10.9712808028	4.19102735063	6.42832509084	5.61277173418	5.89137653135	51.9308773767	4.55915183582	5.07417316914	10.8626165164	3.23098635782	3.38254775669
114	56.9527300476	37.8754144515	12.589008515	70.0273457272	8.0644253854	13.4818383382	14.407086325	6.3873124868	24.0012043358	8.88602132302	48.3439658212	13.4421300413	23.1631579198	15.497213738	16.2588454582	116.764498555	12.9203900754	13.8435726435	46.5032936646	12.9082299872	10.0832661349
117	11.4357333868	3.70847598068	0.0	31.9921268617	0.0	0.0	0.0	0.0	0.0	0.0	6.56849964438	0.0	0.0	0.0	0.0	64.3904004141	0.0	0.0	3.11382695826	0.0	0.0
118	8.95961885569	2.90118869237	0.0	24.8672558708	0.0	0.0	0.0	0.0	0.0	0.0	5.14722895792	0.0	0.0	0.0	0.0	46.9882317083	0.0	0.0	2.43598707619	0.0	0.0
119	0.264746358494	0.0	0.0	1.72669942126	0.0	0.0	0.0	0.0	0.0	0.0	0.0969768426957	0.0	0.0	0.0	0.0	11.5324627811	0.0	0.0	0.0	0.0	0.0
120	128.86251227	138.822028049	50.7273324039	132.268227747	36.5910037711	66.3343131888	61.8505687244	23.5686522212	84.1945404713	43.4959354416	136.40752875	68.5418366029	131.066341441	62.1171262346	61.1188998501	163.156045197	58.5995597084	61.8761588543	158.826530585	69.4262734833	49.0049026709
121	37.387973364	41.631633923	11.5690704146	40.161456268	9.41802847302	17.6958605216	15.9112763394	4.83809276562	21.8087808404	11.0957942206	39.5459283596	17.9512379494	38.5076042376	15.943345167	14.1780420181	54.862305826	15.0744944393	17.2838771488	46.437375683	18.2158666148	12.5676968174
122	140.081722182	158.474317647	50.8425865133	147.028077225	36.5810536821	65.2913854306	63.8641313505	24.5889309377	93.9490491177	43.7187553338	151.579465741	66.6098993909	140.251457698	67.7963419164	63.7823811351	174.415888761	58.8590183248	69.2571845681	170.455427177	68.0657307771	47.1529546734
123	18.1142581878	17.5795982819	8.59725375033	21.8928771513	5.12702156435	8.60181792939	8.9419045819	4.74052976569	13.2734468905	6.48023299753	19.1308263621	9.25110269067	16.3196802089	9.63927406573	10.3387252288	46.5336249551	8.30060144633	8.66681230239	20.0827352856	9.67724362941	6.70071837822
124	0.185334507171	0.0405812081445	0.0	1.93460984853	0.0	0.0	0.0	0.0	0.0	0.0	0.0617636599149	0.0	0.0	0.0	0.0	14.6352776349	0.0	0.0	0.0	0.0	0.0
125	0.935711096037	0.193412579491	0.0	4.62360921461	0.0	0.0	0.0	0.0	0.0	0.0	0.45564479197	0.0	0.0	0.0	0.0	30.0350131926	0.0	0.0	0.162399138412	0.0	0.0
126	93.9167486664	105.218753253	46.3642792954	107.812037476	29.3100042481	49.047332944	51.9865463258	23.9024672261	75.5470170991	33.1344641411	98.3679899081	49.5774928146	84.563696108	55.3954114655	59.0290305091	131.31317248	46.8798612928	49.889768717	107.884417401	48.4019335911	36.950516783
127	37.4288559832	14.7717905641	0.0	55.2043665612	0.0085778937029	0.0	0.147181025994	0.0	6.98927094228	0.00319402127883	29.2765718859	0.0	1.03788155012	0.612919845251	0.0718592452107	102.649110714	0.151591983143	0.256467929869	22.6648311797	0.0	0.0
131	0.183316979385	0.0135270693815	0.0	1.30378417331	0.0	0.0	0.0	0.0	0.0	0.0	0.0670563875942	0.0	0.0	0.0	0.0	8.10492312065	0.0	0.0	0.0	0.0	0.0
132	3.05305815702	0.99411703622	0.0	8.84874060925	0.0	0.0	0.0	0.0	0.0	0.0	1.74129083607	0.0	0.0	0.0	0.0	17.3482359287	0.0	0.0	0.811995692062	0.0	0.0
133	3.22235578098	0.99411703622	0.0	10.6391552697	0.0	0.0	0.0	0.0	0.0	0.0	1.79293806052	0.0	0.0	0.0	0.0	35.7229624344	0.0	0.0	0.811995692062	0.0	0.0
134	16.5849821883	16.6513585305	5.72387785343	18.8720777648	4.47136437557	8.48247647164	7.26897889829	2.41904638281	9.1787488696	5.43091440764	17.1019415572	8.884699975	17.2060402542	6.87169056586	6.53259408002	44.9465929155	7.15114450931	7.1906360279	20.4949985812	9.1079333074	6.25584359167
135	97.4592757285	112.950030471	34.0165174563	108.719279795	26.9045983849	51.1278707365	44.3374038724	13.9357392329	59.6254106905	32.0697028147	110.904887648	52.7088795747	109.558507577	43.9754896098	39.4159853681	131.710958281	43.0749527697	47.6836036961	131.272292826	52.6680407079	36.7894646394
136	36.4574828466	39.130567206	13.6074188028	40.7085088687	9.36701936216	16.4990042579	16.3495881029	6.81399809382	24.0991885798	11.3358442658	38.6830000477	17.0224209545	34.5781636232	17.4149780096	16.8919663185	51.7287335914	15.0920442435	17.3181618346	42.4814576541	17.4840436072	12.110878286
137	3.4563642906	0.799190465923	0.0	7.51117847002	0.0	0.0	0.0	0.0	0.0489210831955	0.0	2.49295327932	0.0	0.0	0.0	0.0	19.251796972	0.0	0.0	1.47370926384	0.0	0.0
138	10.5326010321	3.48142643085	0.0	28.2654982881	0.0	0.0	0.0	0.0	0.0	0.0	6.09870069169	0.0	0.0	0.0	0.0	44.488321104	0.0	0.0	2.92318449142	0.0	0.0
139	9.00515838876	2.90118869237	0.0	25.6034750867	0.0	0.0	0.0	0.0	0.0	0.0	5.15822968186	0.0	0.0	0.0	0.0	55.0521863799	0.0	0.0	2.43598707619	0.0	0.0
140	7.15999944739	2.3209509539	0.0	20.9323997215	0.0	0.0	0.0	0.0	0.0	0.0	4.11187811217	0.0	0.0	0.0	0.0	41.2680239408	0.0	0.0	1.94878966095	0.0	0.0
144	0.0	0.0378757942682	0.0	0.285688553363	0.0	0.0	0.0	0.0	0.0	0.0	0.0	0.0	0.0	0.0	0.0	0.0590588079034	0.0	0.0	0.0	0.0	0.0
145	0.0	0.331413199847	0.0	2.53319008247	0.0	0.0	0.0	0.0	0.0	0.0	0.0	0.0	0.0	0.0	0.0	0.516764569155	0.0	0.0	0.0	0.0	0.0
146	65.1615759769	62.3364965385	30.0903881261	74.8160036793	17.9445754752	30.1063627529	31.2966660366	16.5918541799	46.4570641169	22.6808154914	68.2161120766	32.3788594174	57.1188807311	33.7374592301	36.1855383006	98.065874877	29.0521050621	30.3338430584	71.0474361454	33.8703527029	23.4525143238
147	23.0692982906	23.3276271506	11.7018176046	24.9972983438	6.97844601814	11.7080299594	12.1709256809	6.45238773664	18.0666360454	8.82031713553	25.1190699624	12.5917786623	22.2128980621	13.1201230339	14.0721537836	57.0191373233	11.2980408575	11.7964945227	26.8927475952	13.1718038289	9.12042223703
148	24.8640796367	23.3831799485	12.0993335745	29.8961969973	8.3532348695	11.6526754786	12.7095224773	8.23365193781	18.7158860702	9.86807133698	25.4357628856	11.7080634544	21.0748389862	15.4152906021	16.0095428867	56.931088378	11.7738163439	13.721096521	26.0186807056	14.5888990668	8.40707795543
149	13.8814712139	22.0606635679	4.77836193327	21.1402613928	3.89826782937	6.42426472189	7.68067943103	1.92124650796	12.1830945878	3.03922790845	14.3323639811	5.07136990849	11.5952363351	8.74819772517	7.98612647793	30.4800561908	6.09121589584	8.82247379031	16.2257745083	3.76948408412	4.00231535018
150	37.9601419985	5.08791923175	0.0	33.0156120525	0.0	0.0	0.0	0.0	1.20750918797	0.0	25.6388100683	0.0	0.0	0.0	0.0	80.339875349	0.0	0.0	20.8654315711	0.0	0.0
151	8.95488131673	2.25697739047	0.0	18.2447681047	0.0	0.0	0.0	0.0	0.10880119997	0.0	5.29852257288	0.0	0.0	0.0	0.0	38.0895553533	0.0	0.0	3.32258191529	0.0	0.0
152	49.2276252406	20.7699703192	0.0	78.1534770952	0.0120090511841	0.0	0.206053436391	0.0	9.61089739924	0.00447162979036	38.9786847262	0.0	1.45303417017	0.858087783351	0.100602943295	127.561244999	0.2122287764	0.359055101817	29.5218694354	0.0	0.0
153	0.123556338114	0.0	0.0	2.10803923475	0.0	0.0	0.0	0.0	0.0	0.0	0.0411757732766	0.0	0.0	0.0	0.0	10.5756299658	0.0	0.0	0.0	0.0	0.0
162	19.7719516815	13.5965549709	4.07491632231	21.1914099512	2.99509709406	4.98168750067	5.51894077717	1.68109069446	8.02113925066	2.45460469025	15.039769519	4.27834042044	6.56224853023	5.72970447865	6.01411354242	37.3968700893	4.65413416573	5.17988511017	15.7550946712	3.2982985736	3.45301750163
163	31.6833166947	33.9562360533	9.00191981717	36.7282811882	7.17397046138	12.7772067373	12.8139928537	3.72025104923	18.4966678777	7.26012198522	30.465937821	11.9623456144	24.6868085051	13.388475678	12.4446176211	56.973846671	11.350594633	13.7255227013	34.5724168597	11.0377863356	8.79270766444
164	0.0529527163347	0.0	0.0	0.461198329299	0.0	0.0	0.0	0.0	0.0	0.0	0.0176467599757	0.0	0.0	0.0	0.0	4.16342866878	0.0	0.0	0.0	0.0	0.0
165	7.01207942416	3.03146739217	0.0	15.0762606083	0.00171557874058	0.0	0.0294362051988	0.0	1.34189928561	0.000638804255765	5.42767352991	0.0	0.207576310024	0.12258396905	0.0143718490421	47.2963508492	0.0303183966286	0.0512935859739	3.86356430821	0.0	0.0
176	0.355224472079	0.0	0.0	3.15652570173	0.0	0.0	0.0	0.0	0.0	0.0	0.11838034817	0.0	0.0	0.0	0.0	27.9296673198	0.0	0.0	0.0	0.0	0.0
177	0.0529527163347	0.0	0.0	0.461198329299	0.0	0.0	0.0	0.0	0.0	0.0	0.0176467599757	0.0	0.0	0.0	0.0	4.16342866878	0.0	0.0	0.0	0.0	0.0
178	0.29962963583	0.0	0.0	2.53993718265	0.0	0.0	0.0	0.0	0.0	0.0	0.100906381627	0.0	0.0	0.0	0.0	22.4408522767	0.0	0.0	0.0	0.0	0.0
